4096,0.001394,0.0021300,0.001399,0.000939,0.000813,0.001039,0.001190
131072,0.010605,0.0049350,0.006545,0.006684,0.006644,0.006759,0.006316
65536,0.007670,0.0045402,0.004128,0.004260,0.003807,0.003925,0.004077
32768,0.003563,0.0035455,0.002642,0.002557,0.002629,0.003142,0.002412
16384,0.004104,0.0045660,0.001941,0.001821,0.001872,0.001998,0.002320
262144,0.022307,0.0107769,0.012394,0.012099,0.011930,0.011548,0.012036
524288,0.058726,0.0235704,0.022210,0.022936,0.023716,0.022243,0.022716
1048576,0.102053,0.0322604,0.035978,0.035566,0.035251,0.035825,0.237334
2097152,0.196993,0.0770946,0.066122,0.265102,0.063887,0.265615,0.065006
8192,0.001980,0.0010045,0.000989,0.001044,0.001182,0.001108,0.001180
