4096,0.000594,0.0014310,0.002095,0.001866,0.002005,0.001737,0.017126
131072,0.000000,0.0060741,0.042352,0.239861,0.234929,0.229174,0.226659
65536,0.000998,0.0041830,0.237331,0.015506,0.016321,0.230973,0.015609
32768,0.000912,0.0038229,0.009072,0.008568,0.227091,0.008703,0.010444
16384,0.000258,0.0021390,0.004311,0.004453,0.004274,0.004666,0.005061
262144,0.002598,0.0107138,0.118951,0.256714,0.464864,0.154725,0.231425
524288,0.009416,0.0240591,0.111844,0.156035,0.286806,0.302516,0.284113
1048576,0.012194,0.0466269,0.434274,0.354329,0.451206,1.924342,0.571659
2097152,0.026139,0.0900409,0.543985,1.030651,0.805516,0.494176,0.588975
8192,0.000000,0.0009455,0.002954,0.002985,0.003676,0.019856,0.021862
4096,0.000308,0.0009455,0.017872,0.002650,0.001852,0.001915,0.002412
131072,0.001380,0.0062494,0.263566,0.049714,0.314118,0.038994,0.038587
65536,0.000898,0.0040328,0.038491,0.061279,0.035295,0.057946,0.223865
32768,0.000792,0.0034970,0.012515,0.014556,0.012585,0.024096,0.017407
16384,0.000304,0.0023800,0.005915,0.007237,0.006968,0.005964,0.006143
262144,0.005579,0.0136885,0.381900,0.264647,0.457975,0.060978,0.268017
524288,0.000000,0.0262239,0.521234,0.495470,0.188945,0.594571,0.281482
1048576,0.014264,0.0490798,0.371223,0.657799,0.406527,1.187193,0.593833
2097152,0.005009,0.0963533,0.601328,0.695234,0.846509,0.633707,0.614397
8192,0.000349,0.0011020,0.015505,0.003213,0.002690,0.003046,0.002446
4096,0.000308,0.0009375,0.001878,0.002157,0.002685,0.002922,0.002706
131072,0.003826,0.0081110,0.028112,0.036747,0.038418,0.033341,0.037243
65536,0.001379,0.0081110,0.219142,0.015812,0.028647,0.028161,0.032368
32768,0.000328,0.0031785,0.267213,0.414260,0.008130,0.011161,0.211881
16384,0.000562,0.0026875,0.005204,0.019777,0.006294,0.004917,0.004700
262144,0.002585,0.0135677,0.087413,0.153274,0.154505,0.245678,0.505934
524288,0.011472,0.0240591,0.210000,0.273067,0.173873,0.172098,0.470738
1048576,0.002682,0.0480872,0.374839,1.021858,1.226903,0.659997,1.026427
2097152,0.029049,0.0793058,4.194203,1.581051,1.121995,1.058671,1.859698
8192,0.000328,0.0010155,0.020760,0.002795,0.002765,0.002544,0.003073
