4096,0.000978,0.0012302,0.002641,0.001641,0.001153,0.001664,0.003574,0.002074,0.003613,0.001768,0.003924
131072,0.005557,0.0066555,0.223679,0.041412,0.042118,0.011779,0.045041,0.012352,0.229634,0.228075,0.032774
65536,0.003496,0.0045224,0.009098,0.014257,0.015290,0.012015,0.010788,0.014773,0.011419,0.013409,0.049331
32768,0.002665,0.0033660,0.011180,0.213664,0.011510,0.013632,0.014680,0.003786,0.003873,0.013091,0.011756
16384,0.002380,0.0028020,0.010030,0.218941,0.011244,0.003666,0.003509,0.006054,0.012313,0.003203,0.011284
262144,0.009234,0.0133105,0.229367,0.058264,0.267992,0.226486,0.267905,0.050020,0.047575,0.067515,0.103204
524288,0.020475,0.0268450,0.288219,0.266003,0.263970,0.253387,0.274474,0.276756,0.258326,0.085540,0.061294
1048576,0.029280,0.0479063,0.307170,0.528558,0.512787,0.304036,0.531190,0.522363,0.754843,0.383769,0.491808
2097152,0.045956,0.0936852,0.768899,0.370893,0.437581,0.421447,0.397217,0.406243,0.435273,0.378483,0.786721
8192,0.001054,0.0012715,0.001173,0.003688,0.001361,0.002508,0.001522,0.002987,0.003312,0.004572,0.002989
4096,0.000866,0.0013295,0.002003,0.000921,0.002596,0.004383,0.002176,0.002190,0.002183,0.000638,0.000648
131072,0.005476,0.0070904,0.029265,0.017314,0.026724,0.246703,0.051685,0.011690,0.027421,0.030606,0.035419
65536,0.003634,0.0046143,0.024258,0.024250,0.214894,0.051225,0.022555,0.011861,0.015079,0.213206,0.014669
32768,0.002745,0.0033708,0.004378,0.015111,0.014922,0.013408,0.004899,0.009765,0.012664,0.016298,0.011730
16384,0.002340,0.0028470,0.009237,0.003482,0.031197,0.012822,0.013077,0.011731,0.011021,0.008588,0.008199
262144,0.009310,0.0129162,0.232645,0.464387,0.028461,0.052973,0.234572,0.221011,0.233141,0.011660,0.240367
524288,0.020388,0.0263918,0.283438,0.449262,0.466109,0.259837,0.275785,0.507773,0.267868,0.264825,0.258155
1048576,0.029811,0.0472881,0.599131,0.574487,0.351651,0.476252,0.512391,0.498373,0.483317,0.758038,0.285364
2097152,0.045744,0.0926245,0.352905,0.573583,0.760059,0.348654,0.519695,0.404250,0.389531,0.325559,1.570989
8192,0.001007,0.0010550,0.001246,0.003449,0.001332,0.001077,0.002019,0.000872,0.001236,0.006144,0.002991
4096,0.001004,0.0011279,0.006203,0.000830,0.001652,0.006805,0.001558,0.006135,0.007634,0.001684,0.002439
131072,0.005614,0.0070017,0.243310,0.018145,0.053464,0.007707,0.217197,0.031155,0.446110,0.232628,0.025282
65536,0.003640,0.0045754,0.015356,0.045253,0.033926,0.017327,0.005686,0.008963,0.215774,0.222900,0.005917
32768,0.002841,0.0034193,0.011969,0.005540,0.011771,0.012584,0.011143,0.006729,0.012354,0.011149,0.010215
16384,0.002233,0.0030545,0.007941,0.003406,0.009921,0.009347,0.008465,0.007656,0.009472,0.003773,0.003176
262144,0.009339,0.0137107,0.013393,0.250299,0.227208,0.473993,0.049761,0.037218,0.224646,0.236403,0.040546
524288,0.020566,0.0263730,0.237809,0.325164,0.247525,0.248493,0.288782,0.265082,0.457367,0.443931,0.284982
1048576,0.029627,0.0464520,0.492975,0.936706,0.531969,0.518332,1.503991,1.347171,0.486339,1.480979,0.527920
2097152,0.046030,0.0961800,1.330218,0.323801,0.546523,0.403288,0.233921,1.477680,0.357978,0.338166,0.356845
8192,0.001000,0.0012570,0.002660,0.001254,0.002729,0.002715,0.003268,0.003251,0.004098,0.003091,0.003380
