4096,0.000307,0.0009255,0.001935,0.002471,0.001863,0.002184,0.002191
131072,0.003034,0.0053530,0.017596,0.019832,0.016960,0.019014,0.016373
65536,0.002533,0.0031583,0.011443,0.009419,0.010460,0.011073,0.011017
32768,0.002056,0.0022754,0.007528,0.006765,0.006890,0.017039,0.007641
16384,0.001209,0.0018510,0.004016,0.004239,0.004523,0.004219,0.003989
262144,0.007289,0.0104096,0.037553,0.039691,0.041378,0.242467,0.235490
524288,0.009769,0.0175163,0.269222,0.082704,0.263058,0.093794,0.126523
1048576,0.022145,0.0371937,0.384843,0.426469,0.342743,0.396677,0.347944
2097152,0.023963,0.0566825,0.426661,0.500618,0.319323,0.317100,0.379667
8192,0.000354,0.0009030,0.002613,0.002395,0.002217,0.002267,0.002693
4096,0.000618,0.0009030,0.001829,0.001972,0.001743,0.001825,0.001597
131072,0.003669,0.0056685,0.020446,0.020639,0.019871,0.075429,0.020590
65536,0.002366,0.0033144,0.015186,0.015039,0.014858,0.014348,0.014413
32768,0.001326,0.0021905,0.006403,0.006978,0.006841,0.007051,0.006502
16384,0.001660,0.0018165,0.005352,0.005033,0.004810,0.004705,0.005426
262144,0.007494,0.0095505,0.063043,0.058824,0.247133,0.247331,0.084070
524288,0.009787,0.0186087,0.259654,0.278767,0.082078,0.272887,0.083899
1048576,0.022264,0.0371937,0.210113,0.196063,0.151028,0.178529,0.156481
2097152,0.023888,0.0604263,0.501106,0.556141,0.437482,0.424904,0.414418
8192,0.000702,0.0008910,0.002803,0.003079,0.002560,0.002293,0.002312
4096,0.000329,0.0008910,0.001873,0.001879,0.002246,0.001891,0.001753
131072,0.003007,0.0058238,0.027850,0.227112,0.030519,0.028470,0.029090
65536,0.002019,0.0033144,0.011966,0.010743,0.012195,0.012909,0.012453
32768,0.002457,0.0022805,0.007646,0.007858,0.008557,0.007770,0.007534
16384,0.001258,0.0017935,0.004195,0.004231,0.004655,0.004125,0.004013
262144,0.005736,0.0100764,0.248718,0.061717,0.099897,0.246762,0.293992
524288,0.011579,0.0184531,0.116351,0.278476,0.127441,0.155813,0.125958
1048576,0.014028,0.0336792,0.338834,0.366373,0.207566,0.325922,0.172515
2097152,0.028938,0.0604263,0.531925,0.501665,0.566193,0.511333,0.604348
8192,0.000703,0.0009255,0.002793,0.002828,0.003665,0.003495,0.002470
