4096,0.002337,0.0020590,0.003941,0.003886,0.003683,0.004824,0.002925
131072,0.012470,0.0175217,0.030596,0.029042,0.042433,0.029863,0.031578
65536,0.008676,0.0095935,0.017205,0.018232,0.016648,0.017733,0.017715
32768,0.006174,0.0065347,0.009797,0.009070,0.009606,0.009593,0.009571
16384,0.004465,0.0047755,0.007265,0.007249,0.007735,0.007440,0.007520
262144,0.020974,0.0329140,0.056423,0.053764,0.260556,0.257049,0.247745
524288,0.036531,0.0644700,0.118503,0.279667,0.307012,0.117944,0.109753
1048576,0.067914,0.1275820,0.202865,0.214761,0.574782,0.369486,1.210900
2097152,0.130859,0.2538060,0.406810,0.540945,0.640610,0.442710,0.577349
8192,0.002635,0.0020680,0.005327,0.004773,0.004766,0.004925,0.004618
4096,0.002335,0.0020590,0.004320,0.003927,0.003876,0.004067,0.004272
131072,0.012470,0.0175217,0.027242,0.027575,0.028526,0.027388,0.026784
65536,0.008694,0.0095935,0.017395,0.016779,0.016901,0.016873,0.016522
32768,0.006193,0.0065347,0.209928,0.005813,0.213072,0.009421,0.010538
16384,0.004455,0.0047755,0.006910,0.007882,0.008363,0.008558,0.007906
262144,0.020926,0.0329140,0.053286,0.061659,0.068843,0.071762,0.273092
524288,0.036531,0.0644700,0.294990,0.122433,0.111146,0.111118,0.106332
1048576,0.067966,0.1275820,0.224847,0.392639,0.215331,0.390899,0.587218
2097152,0.130760,0.2538060,0.755329,0.560809,0.651451,0.699898,0.555438
8192,0.002637,0.0020680,0.004219,0.004162,0.003917,0.004389,0.004749
4096,0.002330,0.0020590,0.003865,0.004382,0.003905,0.003672,0.003932
131072,0.012453,0.0175217,0.028607,0.028114,0.230884,0.029261,0.227521
65536,0.008744,0.0095935,0.015741,0.015886,0.017381,0.016875,0.016011
32768,0.006237,0.0065347,0.009577,0.007246,0.009385,0.009041,0.010584
16384,0.004460,0.0047755,0.007525,0.007029,0.007385,0.007204,0.005367
262144,0.020974,0.0329140,0.248187,0.057395,0.245215,0.060501,0.246539
524288,0.036632,0.0644700,0.489524,1.103071,1.140666,0.143319,0.111252
1048576,0.067966,0.1275820,1.380238,0.387533,0.239223,1.361250,0.353264
2097152,0.130888,0.2538060,0.570853,0.427135,0.601283,0.532967,0.457817
8192,0.002643,0.0020680,0.003918,0.003490,0.004408,0.004736,0.005110
