4096,0.005570,0.0024335,0.003075,0.003771,0.003825,0.004109,0.003735
131072,0.051088,0.0202615,0.254547,0.034094,0.028174,0.029604,0.031194
65536,0.027493,0.0108955,0.016635,0.017412,0.016776,0.017208,0.016637
32768,0.019195,0.0067605,0.010710,0.009835,0.009932,0.009730,0.010255
16384,0.013866,0.0047815,0.008362,0.008264,0.007589,0.007592,0.006789
262144,0.069257,0.0330645,0.254888,0.060041,0.054561,0.057495,0.055020
524288,0.192300,0.0640619,0.098109,0.292411,0.101300,0.293501,0.115174
1048576,0.270672,0.1260560,0.234262,0.412899,0.392292,0.224621,0.354114
2097152,0.756311,0.2500435,0.384175,0.384513,0.408544,0.399131,0.505198
8192,0.008791,0.0024345,0.004257,0.003942,0.004294,0.005433,0.004597
4096,0.005979,0.0024335,0.004786,0.002534,0.003935,0.004276,0.004423
131072,0.051088,0.0202615,0.029895,0.028164,0.029803,0.028391,0.040065
65536,0.027493,0.0108955,0.016815,0.016622,0.015472,0.016337,0.015965
32768,0.016767,0.0067605,0.008900,0.009454,0.008792,0.009379,0.009665
16384,0.007562,0.0047815,0.006919,0.006924,0.007270,0.007112,0.006323
262144,0.069257,0.0330645,0.257479,0.244897,0.260736,0.055132,0.056790
524288,0.192300,0.0640619,0.101144,0.097907,0.288865,0.096889,0.101997
1048576,0.380135,0.1260560,0.194925,0.333736,0.193783,0.217403,0.389361
2097152,0.756311,0.2500435,0.512015,0.410713,0.353171,0.469172,1.545170
8192,0.009726,0.0024345,0.003773,0.004364,0.004717,0.005082,0.004442
4096,0.006475,0.0024335,0.004781,0.004737,0.003853,0.003362,0.003812
131072,0.051088,0.0202615,0.026128,0.026886,0.028295,0.026646,0.027264
65536,0.027493,0.0108955,0.017091,0.016230,0.016156,0.015828,0.016466
32768,0.017888,0.0067605,0.008441,0.011304,0.230802,0.009556,0.009137
16384,0.010535,0.0047815,0.006821,0.008109,0.006820,0.006652,0.008552
262144,0.069257,0.0330645,0.048839,0.049010,0.048479,0.052725,0.059603
524288,0.192300,0.0640619,0.102462,0.098413,1.099722,0.100058,0.282131
1048576,0.270672,0.1260560,1.377520,0.403584,0.234300,0.388828,1.196618
2097152,0.756311,0.2500435,0.732500,0.406864,0.412115,0.496439,1.315170
8192,0.008513,0.0024345,0.005378,0.005421,0.003519,0.005095,0.005357
