102,1.2e-05
128,1.2e-05
1290,1.2e-05
323,1.2e-05
40,1.2e-05
4,1.2499999999999999e-05
1,1.3e-05
25,1.3e-05
3,1.3e-05
5,1.3e-05
645,1.3e-05
8,1.3e-05
16,1.35e-05
51,1.35e-05
5161,1.35e-05
813,1.35e-05
13,1.4e-05
1625,1.4e-05
3251,1.4e-05
512,1.4e-05
4096,1.45e-05
81,1.45e-05
161,1.5e-05
20,1.5e-05
2580,1.5e-05
406,1.5e-05
10,1.55e-05
256,1.55e-05
1024,1.6e-05
2,1.6e-05
8192,1.6e-05
203,1.65e-05
2048,1.65e-05
10321,1.7e-05
32,1.7e-05
6,1.8500000000000002e-05
64,1.9e-05
13004,2e-05
6502,2.1000000000000002e-05
32768,0.000387
65536,0.000402
20643,0.000453
41285,0.000547
16384,0.000561
104032,0.0005705
52016,0.000604
262144,0.000653
26008,0.0006585
165140,0.000708
131072,0.0007425
416128,0.0007605
82570,0.000791
208064,0.0008005
330281,0.0008814999999999999
524288,0.000908
660561,0.000981
1048576,0.001065
1321123,0.0010769999999999998
832255,0.00123
2097152,0.001697
1664511,0.0018105
2642246,0.0023049999999999998
