161,0.000005
25,0.000005
3,0.000005
3,0.000005
10,0.000006
1,0.000006
1,0.000006
102,0.000006
1024,0.000006
128,0.000006
128,0.000006
128,0.000006
1290,0.000006
13,0.000006
16,0.000006
161,0.000006
1625,0.000006
2,0.000006
203,0.000006
25,0.000006
3,0.000006
3,0.000006
323,0.000006
40,0.000006
4096,0.000006
5,0.000006
51,0.000006
512,0.000006
645,0.000006
645,0.000006
645,0.000006
813,0.000006
1024,0.000007
13,0.000007
16,0.000007
16,0.000007
161,0.000007
1625,0.000007
1625,0.000007
20,0.000007
203,0.000007
25,0.000007
3,0.000007
3,0.000007
323,0.000007
3251,0.000007
3251,0.000007
40,0.000007
4,0.000007
406,0.000007
5,0.000007
5,0.000007
8,0.000007
8,0.000007
813,0.000007
10,0.000008
10,0.000008
10,0.000008
10,0.000008
10,0.000008
10,0.000008
1,0.000008
1,0.000008
1,0.000008
1,0.000008
102,0.000008
102,0.000008
102,0.000008
102,0.000008
1024,0.000008
128,0.000008
128,0.000008
128,0.000008
128,0.000008
1290,0.000008
13,0.000008
16,0.000008
16,0.000008
16,0.000008
16,0.000008
16,0.000008
16,0.000008
161,0.000008
161,0.000008
1625,0.000008
20,0.000008
20,0.000008
20,0.000008
20,0.000008
20,0.000008
2,0.000008
2,0.000008
203,0.000008
203,0.000008
203,0.000008
203,0.000008
203,0.000008
2048,0.000008
2048,0.000008
25,0.000008
25,0.000008
256,0.000008
256,0.000008
3,0.000008
3,0.000008
3,0.000008
32,0.000008
32,0.000008
323,0.000008
3251,0.000008
40,0.000008
4,0.000008
4,0.000008
4,0.000008
406,0.000008
406,0.000008
4096,0.000008
4096,0.000008
4096,0.000008
51,0.000008
512,0.000008
512,0.000008
6,0.000008
6,0.000008
645,0.000008
8,0.000008
8,0.000008
8,0.000008
81,0.000008
81,0.000008
813,0.000008
813,0.000008
10,0.000009
10,0.000009
1,0.000009
1,0.000009
1,0.000009
102,0.000009
102,0.000009
102,0.000009
102,0.000009
102,0.000009
1024,0.000009
1024,0.000009
128,0.000009
128,0.000009
1290,0.000009
1290,0.000009
1290,0.000009
13,0.000009
16,0.000009
161,0.000009
161,0.000009
20,0.000009
2,0.000009
2,0.000009
2,0.000009
2,0.000009
2048,0.000009
2580,0.000009
3,0.000009
3,0.000009
3,0.000009
3,0.000009
3,0.000009
3,0.000009
3,0.000009
3,0.000009
32,0.000009
32,0.000009
323,0.000009
3251,0.000009
3251,0.000009
3251,0.000009
3251,0.000009
40,0.000009
40,0.000009
40,0.000009
40,0.000009
406,0.000009
406,0.000009
4096,0.000009
4096,0.000009
4096,0.000009
4096,0.000009
5,0.000009
51,0.000009
5161,0.000009
5161,0.000009
5161,0.000009
5161,0.000009
6,0.000009
6,0.000009
64,0.000009
64,0.000009
645,0.000009
6502,0.000009
6502,0.000009
6502,0.000009
8,0.000009
81,0.000009
81,0.000009
813,0.000009
10,0.000010
1,0.000010
102,0.000010
102,0.000010
102,0.000010
1024,0.000010
1024,0.000010
10321,0.000010
128,0.000010
1290,0.000010
1290,0.000010
1290,0.000010
1290,0.000010
13,0.000010
13,0.000010
13,0.000010
16,0.000010
16,0.000010
161,0.000010
1625,0.000010
20,0.000010
20,0.000010
2,0.000010
2,0.000010
2,0.000010
2,0.000010
2,0.000010
203,0.000010
2048,0.000010
2048,0.000010
25,0.000010
25,0.000010
25,0.000010
256,0.000010
256,0.000010
256,0.000010
256,0.000010
256,0.000010
2580,0.000010
3,0.000010
3,0.000010
3,0.000010
32,0.000010
323,0.000010
323,0.000010
3251,0.000010
3251,0.000010
3251,0.000010
40,0.000010
40,0.000010
40,0.000010
40,0.000010
40,0.000010
40,0.000010
40,0.000010
4,0.000010
4,0.000010
4,0.000010
4,0.000010
5,0.000010
51,0.000010
512,0.000010
5161,0.000010
6,0.000010
6,0.000010
64,0.000010
645,0.000010
645,0.000010
645,0.000010
8,0.000010
8,0.000010
8,0.000010
8,0.000010
81,0.000010
81,0.000010
81,0.000010
813,0.000010
813,0.000010
813,0.000010
813,0.000010
8192,0.000010
8192,0.000010
10,0.000011
10,0.000011
10,0.000011
1,0.000011
1,0.000011
1,0.000011
1,0.000011
1,0.000011
1,0.000011
1,0.000011
1,0.000011
1,0.000011
1,0.000011
1,0.000011
1,0.000011
1,0.000011
1,0.000011
102,0.000011
102,0.000011
102,0.000011
1024,0.000011
1024,0.000011
1024,0.000011
1024,0.000011
10321,0.000011
10321,0.000011
10321,0.000011
128,0.000011
128,0.000011
128,0.000011
128,0.000011
128,0.000011
128,0.000011
128,0.000011
128,0.000011
1290,0.000011
1290,0.000011
1290,0.000011
13,0.000011
13,0.000011
16,0.000011
16,0.000011
16,0.000011
161,0.000011
161,0.000011
161,0.000011
1625,0.000011
1625,0.000011
1625,0.000011
20,0.000011
20,0.000011
2,0.000011
2,0.000011
2,0.000011
203,0.000011
203,0.000011
203,0.000011
2048,0.000011
2048,0.000011
25,0.000011
25,0.000011
25,0.000011
25,0.000011
25,0.000011
25,0.000011
25,0.000011
256,0.000011
256,0.000011
256,0.000011
256,0.000011
256,0.000011
2580,0.000011
2580,0.000011
3,0.000011
3,0.000011
3,0.000011
3,0.000011
3,0.000011
3,0.000011
3,0.000011
3,0.000011
3,0.000011
32,0.000011
32,0.000011
323,0.000011
323,0.000011
323,0.000011
323,0.000011
323,0.000011
323,0.000011
323,0.000011
3251,0.000011
3251,0.000011
3251,0.000011
40,0.000011
40,0.000011
4,0.000011
4,0.000011
4,0.000011
4,0.000011
4,0.000011
4,0.000011
406,0.000011
406,0.000011
406,0.000011
406,0.000011
5,0.000011
5,0.000011
5,0.000011
5,0.000011
51,0.000011
51,0.000011
51,0.000011
51,0.000011
512,0.000011
512,0.000011
512,0.000011
512,0.000011
512,0.000011
512,0.000011
5161,0.000011
5161,0.000011
6,0.000011
6,0.000011
6,0.000011
64,0.000011
64,0.000011
64,0.000011
64,0.000011
645,0.000011
645,0.000011
645,0.000011
645,0.000011
645,0.000011
645,0.000011
645,0.000011
8,0.000011
8,0.000011
8,0.000011
8,0.000011
8,0.000011
81,0.000011
81,0.000011
81,0.000011
813,0.000011
813,0.000011
813,0.000011
813,0.000011
10,0.000012
1,0.000012
1,0.000012
1,0.000012
1,0.000012
1,0.000012
1,0.000012
1,0.000012
1,0.000012
102,0.000012
102,0.000012
1024,0.000012
10321,0.000012
128,0.000012
128,0.000012
128,0.000012
1290,0.000012
1290,0.000012
13,0.000012
13,0.000012
13004,0.000012
13004,0.000012
13004,0.000012
16,0.000012
161,0.000012
161,0.000012
1625,0.000012
1625,0.000012
1625,0.000012
20,0.000012
2,0.000012
2,0.000012
203,0.000012
203,0.000012
2048,0.000012
25,0.000012
25,0.000012
256,0.000012
256,0.000012
256,0.000012
256,0.000012
2580,0.000012
2580,0.000012
2580,0.000012
2580,0.000012
2580,0.000012
2580,0.000012
3,0.000012
3,0.000012
3,0.000012
3,0.000012
32,0.000012
32,0.000012
32,0.000012
323,0.000012
323,0.000012
323,0.000012
323,0.000012
323,0.000012
3251,0.000012
3251,0.000012
3251,0.000012
3251,0.000012
3251,0.000012
40,0.000012
40,0.000012
40,0.000012
40,0.000012
4,0.000012
4,0.000012
4,0.000012
4,0.000012
4,0.000012
4,0.000012
406,0.000012
406,0.000012
4096,0.000012
4096,0.000012
4096,0.000012
4096,0.000012
4096,0.000012
5,0.000012
5,0.000012
5,0.000012
51,0.000012
51,0.000012
51,0.000012
51,0.000012
512,0.000012
512,0.000012
512,0.000012
5161,0.000012
5161,0.000012
5161,0.000012
5161,0.000012
64,0.000012
645,0.000012
645,0.000012
6502,0.000012
6502,0.000012
6502,0.000012
6502,0.000012
6502,0.000012
8,0.000012
8,0.000012
81,0.000012
81,0.000012
813,0.000012
813,0.000012
813,0.000012
8192,0.000012
10,0.000013
10,0.000013
1,0.000013
1,0.000013
1,0.000013
1,0.000013
1024,0.000013
10321,0.000013
1290,0.000013
1290,0.000013
13,0.000013
13004,0.000013
16,0.000013
1625,0.000013
20,0.000013
2,0.000013
2,0.000013
2,0.000013
203,0.000013
25,0.000013
256,0.000013
2580,0.000013
2580,0.000013
2580,0.000013
3,0.000013
3,0.000013
323,0.000013
3251,0.000013
4,0.000013
4,0.000013
406,0.000013
4096,0.000013
5,0.000013
5,0.000013
51,0.000013
512,0.000013
512,0.000013
512,0.000013
5161,0.000013
5161,0.000013
6,0.000013
64,0.000013
645,0.000013
645,0.000013
645,0.000013
8,0.000013
8,0.000013
81,0.000013
813,0.000013
8192,0.000013
8192,0.000013
10,0.000014
1,0.000014
102,0.000014
1024,0.000014
10321,0.000014
10321,0.000014
128,0.000014
128,0.000014
13,0.000014
13004,0.000014
16,0.000014
16,0.000014
161,0.000014
161,0.000014
161,0.000014
1625,0.000014
1625,0.000014
20,0.000014
2,0.000014
2,0.000014
2,0.000014
2048,0.000014
3,0.000014
3251,0.000014
3251,0.000014
4,0.000014
406,0.000014
406,0.000014
406,0.000014
4096,0.000014
5,0.000014
5,0.000014
51,0.000014
51,0.000014
512,0.000014
512,0.000014
5161,0.000014
645,0.000014
81,0.000014
813,0.000014
813,0.000014
8192,0.000014
1,0.000015
1,0.000015
102,0.000015
102,0.000015
10321,0.000015
13,0.000015
161,0.000015
161,0.000015
20,0.000015
2,0.000015
203,0.000015
203,0.000015
2048,0.000015
2048,0.000015
25,0.000015
25,0.000015
256,0.000015
2580,0.000015
2580,0.000015
2580,0.000015
2580,0.000015
3,0.000015
3,0.000015
3,0.000015
32,0.000015
32,0.000015
40,0.000015
40,0.000015
406,0.000015
406,0.000015
406,0.000015
4096,0.000015
4096,0.000015
4096,0.000015
6502,0.000015
8,0.000015
8,0.000015
81,0.000015
813,0.000015
8192,0.000015
8192,0.000015
8192,0.000015
8192,0.000015
1,0.000016
1,0.000016
102,0.000016
102,0.000016
1024,0.000016
10321,0.000016
1290,0.000016
1290,0.000016
13,0.000016
2,0.000016
2,0.000016
203,0.000016
25,0.000016
25,0.000016
256,0.000016
3,0.000016
3,0.000016
32,0.000016
3251,0.000016
40,0.000016
4,0.000016
406,0.000016
406,0.000016
406,0.000016
4096,0.000016
4096,0.000016
5,0.000016
51,0.000016
51,0.000016
6,0.000016
64,0.000016
6502,0.000016
6502,0.000016
8,0.000016
8192,0.000016
8192,0.000016
10,0.000017
1024,0.000017
1024,0.000017
1024,0.000017
10321,0.000017
10321,0.000017
1290,0.000017
13004,0.000017
13004,0.000017
13004,0.000017
16,0.000017
161,0.000017
161,0.000017
161,0.000017
161,0.000017
161,0.000017
1625,0.000017
20,0.000017
20,0.000017
2,0.000017
2,0.000017
2,0.000017
203,0.000017
256,0.000017
256,0.000017
256,0.000017
2580,0.000017
3,0.000017
3,0.000017
3,0.000017
32,0.000017
32,0.000017
40,0.000017
4,0.000017
406,0.000017
5,0.000017
51,0.000017
5161,0.000017
6,0.000017
64,0.000017
645,0.000017
645,0.000017
645,0.000017
6502,0.000017
6502,0.000017
8,0.000017
813,0.000017
1,0.000018
102,0.000018
102,0.000018
1024,0.000018
128,0.000018
13,0.000018
13004,0.000018
13004,0.000018
16,0.000018
161,0.000018
161,0.000018
1625,0.000018
2,0.000018
2,0.000018
203,0.000018
203,0.000018
2048,0.000018
256,0.000018
3,0.000018
3,0.000018
3,0.000018
3,0.000018
3,0.000018
32,0.000018
32,0.000018
323,0.000018
3251,0.000018
4,0.000018
406,0.000018
406,0.000018
406,0.000018
4096,0.000018
5,0.000018
51,0.000018
6,0.000018
64,0.000018
645,0.000018
8,0.000018
8,0.000018
10,0.000019
1,0.000019
1,0.000019
1,0.000019
1,0.000019
102,0.000019
102,0.000019
128,0.000019
128,0.000019
1290,0.000019
13,0.000019
13004,0.000019
13004,0.000019
13004,0.000019
13004,0.000019
1625,0.000019
1625,0.000019
2048,0.000019
2580,0.000019
2580,0.000019
3,0.000019
3,0.000019
3,0.000019
3,0.000019
3251,0.000019
3251,0.000019
4,0.000019
4,0.000019
406,0.000019
5161,0.000019
6,0.000019
6,0.000019
64,0.000019
645,0.000019
81,0.000019
1,0.000020
1,0.000020
1024,0.000020
1024,0.000020
128,0.000020
1290,0.000020
13,0.000020
13004,0.000020
13004,0.000020
13004,0.000020
16,0.000020
161,0.000020
161,0.000020
2,0.000020
2,0.000020
203,0.000020
2048,0.000020
25,0.000020
2580,0.000020
2580,0.000020
2580,0.000020
2580,0.000020
3,0.000020
3,0.000020
32,0.000020
323,0.000020
40,0.000020
4,0.000020
4096,0.000020
5,0.000020
512,0.000020
512,0.000020
6,0.000020
645,0.000020
6502,0.000020
8,0.000020
1,0.000021
1,0.000021
102,0.000021
13004,0.000021
16,0.000021
20,0.000021
2,0.000021
203,0.000021
2048,0.000021
2048,0.000021
256,0.000021
3,0.000021
3,0.000021
323,0.000021
323,0.000021
3251,0.000021
3251,0.000021
3251,0.000021
40,0.000021
4,0.000021
4,0.000021
406,0.000021
4096,0.000021
5,0.000021
6,0.000021
64,0.000021
8,0.000021
81,0.000021
8192,0.000021
1,0.000022
1,0.000022
1,0.000022
102,0.000022
1024,0.000022
1024,0.000022
10321,0.000022
10321,0.000022
1290,0.000022
13,0.000022
13004,0.000022
1625,0.000022
1625,0.000022
2,0.000022
2,0.000022
203,0.000022
2048,0.000022
25,0.000022
2580,0.000022
32,0.000022
32,0.000022
40,0.000022
4096,0.000022
51,0.000022
645,0.000022
6502,0.000022
6502,0.000022
6502,0.000022
8,0.000022
81,0.000022
81,0.000022
813,0.000022
8192,0.000022
10,0.000023
10,0.000023
1,0.000023
1024,0.000023
1024,0.000023
128,0.000023
13,0.000023
13004,0.000023
16,0.000023
2,0.000023
203,0.000023
25,0.000023
2580,0.000023
2580,0.000023
3,0.000023
3,0.000023
323,0.000023
323,0.000023
323,0.000023
4,0.000023
51,0.000023
512,0.000023
512,0.000023
512,0.000023
512,0.000023
5161,0.000023
6,0.000023
8,0.000023
8,0.000023
81,0.000023
813,0.000023
813,0.000023
10,0.000024
10,0.000024
10,0.000024
128,0.000024
16,0.000024
16,0.000024
16,0.000024
161,0.000024
20,0.000024
2,0.000024
25,0.000024
25,0.000024
3251,0.000024
40,0.000024
4,0.000024
4,0.000024
4,0.000024
4096,0.000024
51,0.000024
512,0.000024
512,0.000024
5161,0.000024
645,0.000024
6502,0.000024
81,0.000024
813,0.000024
8192,0.000024
10,0.000025
1,0.000025
10321,0.000025
13004,0.000025
161,0.000025
1625,0.000025
256,0.000025
256,0.000025
2580,0.000025
32,0.000025
32,0.000025
3251,0.000025
4096,0.000025
645,0.000025
6502,0.000025
8,0.000025
1290,0.000026
16,0.000026
20,0.000026
203,0.000026
3251,0.000026
4096,0.000026
5161,0.000026
6502,0.000026
81,0.000026
1024,0.000027
16,0.000027
20,0.000027
20,0.000027
2,0.000027
2,0.000027
203,0.000027
2580,0.000027
3,0.000027
5161,0.000027
6502,0.000027
1,0.000028
1,0.000028
1,0.000028
102,0.000028
1024,0.000028
13,0.000028
13004,0.000028
13004,0.000028
16,0.000028
256,0.000028
3,0.000028
32,0.000028
32,0.000028
323,0.000028
3251,0.000028
4,0.000028
406,0.000028
5,0.000028
51,0.000028
51,0.000028
512,0.000028
6,0.000028
64,0.000028
64,0.000028
645,0.000028
645,0.000028
6502,0.000028
8,0.000028
8,0.000028
81,0.000028
1,0.000029
1,0.000029
1024,0.000029
128,0.000029
128,0.000029
13004,0.000029
16,0.000029
203,0.000029
203,0.000029
203,0.000029
203,0.000029
3,0.000029
323,0.000029
323,0.000029
512,0.000029
5161,0.000029
6,0.000029
6,0.000029
6,0.000029
64,0.000029
64,0.000029
81,0.000029
81,0.000029
8192,0.000029
8192,0.000029
1,0.000030
128,0.000030
128,0.000030
16,0.000030
203,0.000030
2048,0.000030
25,0.000030
256,0.000030
256,0.000030
32,0.000030
323,0.000030
406,0.000030
4096,0.000030
5,0.000030
6,0.000030
6502,0.000030
81,0.000030
813,0.000030
10,0.000031
10321,0.000031
128,0.000031
2,0.000031
2,0.000031
2,0.000031
25,0.000031
256,0.000031
2580,0.000031
2580,0.000031
5161,0.000031
5161,0.000031
64,0.000031
813,0.000031
8192,0.000031
13,0.000032
161,0.000032
161,0.000032
1625,0.000032
2,0.000032
256,0.000032
40,0.000032
4,0.000032
5,0.000032
645,0.000032
13004,0.000033
2048,0.000033
40,0.000033
5161,0.000033
645,0.000033
16,0.000034
2048,0.000034
6,0.000034
813,0.000034
8192,0.000034
128,0.000035
1290,0.000035
51,0.000035
8192,0.000035
10,0.000036
161,0.000036
256,0.000036
32,0.000036
40,0.000036
406,0.000036
512,0.000036
1,0.000037
128,0.000037
20,0.000037
2,0.000037
2580,0.000037
4,0.000037
51,0.000037
64,0.000037
10321,0.000038
128,0.000038
20,0.000038
20,0.000038
20,0.000038
20,0.000038
2,0.000038
203,0.000038
256,0.000038
3,0.000038
3,0.000038
32,0.000038
323,0.000038
512,0.000038
512,0.000038
813,0.000038
1,0.000039
1,0.000039
1,0.000039
102,0.000039
161,0.000039
1625,0.000039
20,0.000039
2,0.000039
2,0.000039
203,0.000039
25,0.000039
3,0.000039
3,0.000039
32,0.000039
40,0.000039
4,0.000039
5,0.000039
64,0.000039
64,0.000039
8,0.000039
813,0.000039
8192,0.000039
10321,0.000040
128,0.000040
13,0.000040
161,0.000040
1625,0.000040
1625,0.000040
25,0.000040
256,0.000040
323,0.000040
406,0.000040
6,0.000040
8,0.000040
813,0.000040
10321,0.000041
1290,0.000041
16,0.000041
20,0.000041
2,0.000041
256,0.000041
3,0.000041
5,0.000041
512,0.000041
512,0.000041
64,0.000041
64,0.000041
645,0.000041
645,0.000041
6502,0.000041
8,0.000041
813,0.000041
10,0.000042
1,0.000042
102,0.000042
102,0.000042
13004,0.000042
2048,0.000042
323,0.000042
323,0.000042
3251,0.000042
406,0.000042
512,0.000042
512,0.000042
645,0.000042
8,0.000042
81,0.000042
813,0.000042
8192,0.000042
10,0.000043
13004,0.000043
2,0.000043
203,0.000043
25,0.000043
256,0.000043
2580,0.000043
3251,0.000043
3251,0.000043
3251,0.000043
3251,0.000043
5161,0.000043
6502,0.000043
10,0.000044
3,0.000044
3251,0.000044
3251,0.000044
4,0.000044
4096,0.000044
6502,0.000044
6502,0.000044
10,0.000045
2048,0.000045
6,0.000045
1,0.000046
102,0.000046
13004,0.000046
6502,0.000046
128,0.000047
13004,0.000047
3251,0.000047
10,0.000048
13,0.000048
25,0.000048
10,0.000049
1290,0.000049
25,0.000049
323,0.000049
406,0.000049
4096,0.000049
5161,0.000049
64,0.000049
13,0.000050
5,0.000050
81,0.000050
1,0.000052
3251,0.000052
8192,0.000052
1024,0.000053
10321,0.000053
2,0.000053
10321,0.000056
13004,0.000058
10321,0.000062
13004,0.000067
13004,0.000070
13004,0.000074
10,0.000157
20643,0.000327
16384,0.000328
20643,0.000328
16384,0.000329
26008,0.000329
20643,0.000331
20643,0.000331
20643,0.000332
20643,0.000333
16384,0.000334
26008,0.000334
16384,0.000337
32768,0.000337
32768,0.000338
32768,0.000338
20643,0.000340
32768,0.000340
20643,0.000341
41285,0.000341
32768,0.000342
52016,0.000342
32768,0.000343
16384,0.000344
26008,0.000344
65536,0.000344
20643,0.000345
20643,0.000345
52016,0.000346
52016,0.000346
16384,0.000347
16384,0.000347
16384,0.000349
20643,0.000349
26008,0.000349
32768,0.000349
20643,0.000350
26008,0.000350
52016,0.000350
65536,0.000350
65536,0.000350
16384,0.000351
16384,0.000352
52016,0.000352
41285,0.000353
20643,0.000354
32768,0.000356
52016,0.000356
65536,0.000356
65536,0.000356
20643,0.000357
32768,0.000357
16384,0.000358
52016,0.000358
41285,0.000359
82570,0.000359
104032,0.000361
65536,0.000361
26008,0.000362
32768,0.000362
41285,0.000362
52016,0.000362
41285,0.000363
16384,0.000364
52016,0.000364
82570,0.000364
41285,0.000365
65536,0.000366
16384,0.000367
65536,0.000367
32768,0.000368
104032,0.000369
20643,0.000369
65536,0.000369
82570,0.000369
52016,0.000370
65536,0.000370
20643,0.000371
32768,0.000373
65536,0.000373
104032,0.000374
82570,0.000374
104032,0.000375
20643,0.000375
32768,0.000376
65536,0.000376
26008,0.000377
16384,0.000378
104032,0.000379
20643,0.000379
20643,0.000379
65536,0.000379
131072,0.000380
41285,0.000380
65536,0.000381
32768,0.000383
41285,0.000383
82570,0.000383
131072,0.000384
131072,0.000384
16384,0.000384
32768,0.000385
41285,0.000385
82570,0.000388
32768,0.000389
65536,0.000389
131072,0.000390
104032,0.000392
82570,0.000392
104032,0.000393
104032,0.000394
131072,0.000395
82570,0.000395
82570,0.000395
104032,0.000396
165140,0.000397
41285,0.000397
32768,0.000399
104032,0.000400
26008,0.000402
131072,0.000403
16384,0.000406
104032,0.000407
41285,0.000407
104032,0.000408
165140,0.000409
165140,0.000409
165140,0.000411
131072,0.000413
208064,0.000413
65536,0.000415
208064,0.000416
26008,0.000416
165140,0.000418
208064,0.000418
52016,0.000418
165140,0.000425
208064,0.000426
104032,0.000431
41285,0.000435
165140,0.000436
20643,0.000436
208064,0.000438
208064,0.000439
131072,0.000442
208064,0.000442
32768,0.000443
208064,0.000445
262144,0.000445
262144,0.000448
208064,0.000451
262144,0.000452
131072,0.000453
208064,0.000454
262144,0.000454
32768,0.000454
262144,0.000455
165140,0.000456
262144,0.000456
165140,0.000457
262144,0.000457
41285,0.000457
165140,0.000461
26008,0.000464
330281,0.000465
16384,0.000467
208064,0.000468
32768,0.000468
208064,0.000469
262144,0.000469
20643,0.000470
16384,0.000471
16384,0.000474
165140,0.000474
330281,0.000474
208064,0.000475
131072,0.000479
262144,0.000480
26008,0.000482
330281,0.000482
262144,0.000484
32768,0.000484
330281,0.000487
262144,0.000488
65536,0.000491
16384,0.000492
330281,0.000493
330281,0.000495
32768,0.000499
104032,0.000501
330281,0.000503
330281,0.000508
416128,0.000510
330281,0.000511
20643,0.000512
65536,0.000514
330281,0.000516
330281,0.000521
330281,0.000523
416128,0.000524
416128,0.000524
416128,0.000524
262144,0.000525
416128,0.000525
20643,0.000527
416128,0.000529
262144,0.000531
131072,0.000532
330281,0.000533
131072,0.000539
41285,0.000546
41285,0.000547
262144,0.000548
524288,0.000550
208064,0.000551
524288,0.000553
524288,0.000555
262144,0.000556
16384,0.000561
416128,0.000561
524288,0.000561
524288,0.000566
524288,0.000567
524288,0.000567
524288,0.000568
165140,0.000570
524288,0.000570
524288,0.000571
16384,0.000577
16384,0.000579
16384,0.000580
20643,0.000580
165140,0.000582
262144,0.000585
20643,0.000589
52016,0.000590
41285,0.000592
16384,0.000599
65536,0.000603
52016,0.000604
416128,0.000607
131072,0.000608
660561,0.000608
416128,0.000612
65536,0.000614
660561,0.000614
165140,0.000616
41285,0.000617
660561,0.000617
660561,0.000618
660561,0.000618
660561,0.000626
660561,0.000630
660561,0.000630
262144,0.000635
104032,0.000640
660561,0.000642
524288,0.000643
26008,0.000645
660561,0.000649
16384,0.000652
262144,0.000653
416128,0.000659
660561,0.000659
65536,0.000663
131072,0.000664
32768,0.000669
82570,0.000669
262144,0.000671
26008,0.000672
20643,0.000676
20643,0.000676
832255,0.000677
208064,0.000680
32768,0.000680
660561,0.000682
832255,0.000684
832255,0.000685
26008,0.000686
524288,0.000687
832255,0.000692
832255,0.000692
16384,0.000694
832255,0.000696
660561,0.000698
832255,0.000700
524288,0.000701
16384,0.000707
165140,0.000708
262144,0.000709
832255,0.000712
82570,0.000713
832255,0.000714
832255,0.000716
832255,0.000720
131072,0.000725
26008,0.000725
416128,0.000725
20643,0.000729
208064,0.000733
832255,0.000733
82570,0.000734
104032,0.000753
26008,0.000757
1048576,0.000758
131072,0.000760
208064,0.000763
262144,0.000764
131072,0.000765
1048576,0.000774
1048576,0.000775
1048576,0.000775
1048576,0.000780
131072,0.000781
52016,0.000781
26008,0.000788
1048576,0.000789
262144,0.000791
82570,0.000791
1048576,0.000792
26008,0.000793
82570,0.000793
165140,0.000794
131072,0.000796
416128,0.000796
1048576,0.000798
208064,0.000798
26008,0.000798
208064,0.000803
104032,0.000804
1048576,0.000805
32768,0.000805
131072,0.000806
52016,0.000810
52016,0.000810
832255,0.000812
16384,0.000818
41285,0.000818
1048576,0.000821
131072,0.000822
330281,0.000823
131072,0.000824
41285,0.000824
52016,0.000826
52016,0.000826
1048576,0.000830
82570,0.000841
16384,0.000842
1048576,0.000847
104032,0.000848
1048576,0.000849
1321123,0.000852
1048576,0.000854
20643,0.000857
660561,0.000859
82570,0.000859
1321123,0.000862
16384,0.000862
16384,0.000863
262144,0.000863
1048576,0.000865
524288,0.000865
1321123,0.000866
32768,0.000869
1048576,0.000871
104032,0.000872
104032,0.000872
131072,0.000875
1321123,0.000876
20643,0.000876
1321123,0.000878
660561,0.000879
41285,0.000883
131072,0.000887
26008,0.000887
52016,0.000889
41285,0.000890
416128,0.000893
1321123,0.000895
1321123,0.000897
52016,0.000897
208064,0.000901
41285,0.000908
1321123,0.000909
65536,0.000912
41285,0.000925
52016,0.000927
82570,0.000927
1321123,0.000929
1321123,0.000931
165140,0.000938
1048576,0.000939
330281,0.000940
208064,0.000945
524288,0.000951
104032,0.000961
660561,0.000981
1321123,0.000986
1664511,0.000993
416128,0.000994
1664511,0.000996
1664511,0.000998
262144,0.001010
82570,0.001011
165140,0.001013
1664511,0.001016
1664511,0.001016
165140,0.001024
165140,0.001026
104032,0.001028
262144,0.001029
1664511,0.001030
1321123,0.001037
32768,0.001041
524288,0.001046
524288,0.001047
20643,0.001055
1664511,0.001057
16384,0.001071
208064,0.001084
1664511,0.001086
1664511,0.001088
208064,0.001092
208064,0.001092
208064,0.001096
1664511,0.001101
524288,0.001101
1664511,0.001114
1321123,0.001117
262144,0.001137
262144,0.001138
1664511,0.001157
262144,0.001158
832255,0.001158
20643,0.001173
208064,0.001174
208064,0.001186
2097152,0.001188
2097152,0.001189
1048576,0.001191
1321123,0.001199
2097152,0.001200
1048576,0.001201
208064,0.001201
2097152,0.001208
2097152,0.001213
330281,0.001222
1048576,0.001227
330281,0.001234
82570,0.001234
330281,0.001240
1321123,0.001243
104032,0.001255
65536,0.001256
1664511,0.001259
660561,0.001260
330281,0.001266
2097152,0.001274
416128,0.001274
524288,0.001277
2097152,0.001280
2097152,0.001288
2097152,0.001290
416128,0.001296
524288,0.001299
832255,0.001302
2097152,0.001313
262144,0.001313
2097152,0.001317
416128,0.001317
2097152,0.001322
416128,0.001327
660561,0.001338
1321123,0.001339
1321123,0.001347
1048576,0.001357
660561,0.001370
2642246,0.001373
660561,0.001386
660561,0.001387
262144,0.001389
2642246,0.001392
2642246,0.001393
832255,0.001393
660561,0.001396
2642246,0.001405
2642246,0.001411
2642246,0.001413
2097152,0.001415
832255,0.001428
2642246,0.001435
2642246,0.001454
2642246,0.001460
1048576,0.001462
2642246,0.001462
20643,0.001466
660561,0.001471
660561,0.001475
41285,0.001487
2642246,0.001503
1664511,0.001507
262144,0.001509
2642246,0.001515
2097152,0.001524
2642246,0.001533
16384,0.001545
2642246,0.001547
41285,0.001549
41285,0.001554
65536,0.001556
52016,0.001557
16384,0.001560
208064,0.001561
660561,0.001562
1048576,0.001564
2642246,0.001564
16384,0.001565
20643,0.001574
20643,0.001580
20643,0.001581
832255,0.001583
330281,0.001584
16384,0.001585
20643,0.001585
16384,0.001591
16384,0.001604
65536,0.001604
2642246,0.001614
82570,0.001619
16384,0.001620
16384,0.001621
20643,0.001622
26008,0.001622
1664511,0.001623
26008,0.001629
32768,0.001630
832255,0.001630
41285,0.001632
2097152,0.001633
32768,0.001636
26008,0.001637
32768,0.001638
660561,0.001643
104032,0.001644
832255,0.001649
2642246,0.001650
1048576,0.001669
41285,0.001676
660561,0.001678
65536,0.001684
41285,0.001685
20643,0.001687
82570,0.001689
832255,0.001690
65536,0.001708
65536,0.001714
65536,0.001723
52016,0.001731
82570,0.001745
65536,0.001746
1664511,0.001755
82570,0.001755
2097152,0.001761
82570,0.001764
82570,0.001765
165140,0.001780
1048576,0.001781
104032,0.001783
165140,0.001789
832255,0.001797
104032,0.001804
104032,0.001816
20643,0.001819
1321123,0.001826
1048576,0.001828
26008,0.001829
131072,0.001833
131072,0.001844
131072,0.001863
131072,0.001863
131072,0.001866
1664511,0.001866
131072,0.001868
165140,0.001883
165140,0.001890
165140,0.001891
1664511,0.001892
2097152,0.001893
165140,0.001895
52016,0.001909
165140,0.001926
208064,0.001929
165140,0.001938
262144,0.001939
2097152,0.001950
660561,0.001960
1048576,0.001964
1048576,0.001965
1048576,0.001967
208064,0.001973
208064,0.001987
208064,0.001993
208064,0.001995
208064,0.002001
208064,0.002015
1321123,0.002016
104032,0.002035
330281,0.002042
330281,0.002046
330281,0.002065
165140,0.002090
1664511,0.002097
262144,0.002098
2642246,0.002104
262144,0.002109
262144,0.002112
416128,0.002199
1321123,0.002207
330281,0.002222
330281,0.002245
330281,0.002278
330281,0.002282
2097152,0.002289
2097152,0.002290
1664511,0.002291
416128,0.002375
1625,0.002379
330281,0.002388
524288,0.002396
524288,0.002404
416128,0.002407
524288,0.002409
416128,0.002420
524288,0.002432
524288,0.002436
524288,0.002459
40,0.002477
2642246,0.002506
813,0.002507
3,0.002524
1664511,0.002587
1048576,0.002595
2642246,0.002611
524288,0.002613
660561,0.002699
524288,0.002705
1664511,0.002715
2642246,0.002715
2642246,0.002750
1321123,0.002761
2097152,0.002766
25,0.002831
660561,0.002900
660561,0.002929
2097152,0.002947
832255,0.002976
2097152,0.002982
2642246,0.002989
832255,0.002991
2097152,0.003024
2097152,0.003033
2642246,0.003086
2097152,0.003100
2642246,0.003189
2642246,0.003194
2097152,0.003230
832255,0.003234
2642246,0.003255
832255,0.003310
1664511,0.003313
2642246,0.003337
1048576,0.003354
1048576,0.003366
832255,0.003370
1048576,0.003525
832255,0.003527
1048576,0.003597
52016,0.003692
1321123,0.003779
1321123,0.003782
1664511,0.003913
1321123,0.004361
1664511,0.004488
1664511,0.004553
1664511,0.004628
1664511,0.004686
1664511,0.004774
1664511,0.004793
1664511,0.004796
2097152,0.004891
1664511,0.005132
2642246,0.005259
2097152,0.005368
2097152,0.005504
2642246,0.005519
2642246,0.005644
2642246,0.005836
2642246,0.005841
2642246,0.005993
2642246,0.006351
2642246,0.006704
