4096,0.000668,0.0018240,0.013925,0.001235,0.001525,0.000958,0.006155
131072,0.005061,0.0067340,0.022096,0.031473,0.246063,0.008462,0.035541
65536,0.002008,0.0037760,0.011924,0.013375,0.016006,0.005248,0.015485
32768,0.001887,0.0036540,0.012912,0.009471,0.004301,0.007132,0.005397
16384,0.001884,0.0033620,0.001994,0.009886,0.004129,0.009145,0.004077
262144,0.004478,0.0103329,0.220107,0.014268,0.042002,0.869551,0.234507
524288,0.014514,0.0220789,0.224123,0.259368,0.232925,0.248935,0.225172
1048576,0.014322,0.0380926,0.107591,0.076036,0.281444,0.292558,0.096124
2097152,0.028926,0.0787385,0.346968,0.331139,0.180596,0.338776,0.159054
8192,0.001054,0.0012915,0.001532,0.001279,0.006327,0.000882,0.000845
4096,0.000994,0.0012510,0.003824,0.003243,0.003029,0.005831,0.001915
131072,0.003662,0.0063937,0.021163,0.024382,0.225729,0.006565,0.035057
65536,0.003056,0.0041096,0.016298,0.012718,0.029427,0.019660,0.025537
32768,0.001896,0.0034325,0.013754,0.015535,0.011138,0.010736,0.010970
16384,0.001906,0.0027885,0.009226,0.005748,0.009090,0.006995,0.006440
262144,0.007514,0.0106131,0.273898,0.247964,0.097157,0.046614,0.245636
524288,0.010176,0.0219847,0.261464,0.066443,0.053926,0.047822,0.050274
1048576,0.022350,0.0416333,0.253497,0.103496,0.282787,0.281851,0.111360
2097152,0.038747,0.0805141,0.178500,0.121969,0.292058,0.212236,0.220295
8192,0.000721,0.0018240,0.005556,0.005282,0.005000,0.001720,0.005834
4096,0.000864,0.0009645,0.002861,0.002689,0.002228,0.002205,0.002414
131072,0.005034,0.0063591,0.232827,0.045731,0.046965,0.025837,0.034488
65536,0.003358,0.0043986,0.240395,0.019364,0.038149,0.005853,0.213347
32768,0.002231,0.0032600,0.003372,0.002309,0.009492,0.010103,0.011797
16384,0.001568,0.0027410,0.010217,0.009138,0.005264,0.007784,0.008405
262144,0.005646,0.0107085,0.032829,0.437652,0.078463,0.253345,0.043168
524288,0.011598,0.0205811,0.060621,0.468755,0.225140,0.474446,0.056530
1048576,0.017380,0.0414480,0.350067,0.166164,0.114067,0.107988,0.331778
2097152,0.039016,0.0769834,0.223465,0.129846,0.177107,0.600189,0.161793
8192,0.000712,0.0009650,0.003134,0.001110,0.003498,0.000937,0.004025
