4096,0.002279,0.0021395,0.001490,0.001824,0.002071,0.001621,0.001709
131072,0.012501,0.0215726,0.022773,0.023143,0.022951,0.021454,0.023255
65536,0.008744,0.0113155,0.012561,0.012719,0.011750,0.012194,0.012099
32768,0.006207,0.0076036,0.007407,0.007198,0.007211,0.007208,0.007321
16384,0.004462,0.0052550,0.004481,0.004930,0.004731,0.004331,0.004455
262144,0.020974,0.0383894,0.236663,0.042946,0.061204,0.041811,0.041530
524288,0.036531,0.0725522,0.153841,0.305424,0.160861,0.297279,0.146260
1048576,0.067811,0.1408778,0.388985,0.404942,0.245824,0.555686,0.344305
2097152,0.130876,0.2775304,0.336573,0.476128,0.484535,0.464531,0.357222
8192,0.002679,0.0021485,0.002791,0.003261,0.002526,0.002592,0.002837
4096,0.002357,0.0021395,0.001744,0.001528,0.001706,0.001587,0.001604
131072,0.012470,0.0215726,0.036885,0.229614,0.027902,0.074738,0.031657
65536,0.008694,0.0113155,0.011371,0.011455,0.010792,0.009968,0.011517
32768,0.006234,0.0076036,0.007160,0.006907,0.006418,0.006989,0.007033
16384,0.004437,0.0052550,0.004275,0.004275,0.004330,0.004024,0.004028
262144,0.020926,0.0383894,0.259186,0.065092,0.069962,0.062835,0.247578
524288,0.036531,0.0725522,0.097547,0.127149,0.266918,0.097819,0.280747
1048576,0.067853,0.1408778,0.085371,0.084276,0.083507,0.086649,0.082051
2097152,0.130850,0.2775304,0.342633,0.406834,0.316957,0.414030,0.311759
8192,0.002681,0.0021485,0.002821,0.002585,0.206807,0.003075,0.002851
4096,0.002356,0.0021395,0.001679,0.001665,0.001899,0.001655,0.001688
131072,0.012395,0.0215726,0.021469,0.021128,0.022224,0.022140,0.022232
65536,0.008720,0.0113155,0.014685,0.014256,0.014875,0.014411,0.014389
32768,0.006162,0.0076036,0.009096,0.008590,0.009100,0.008906,0.008751
16384,0.004463,0.0052550,0.005459,0.004636,0.004643,0.004435,0.004386
262144,0.020974,0.0383894,0.041753,0.235498,0.043413,0.242913,0.044605
524288,0.036632,0.0725522,0.284290,0.143714,0.093364,0.265279,0.279427
1048576,0.067811,0.1408778,0.419322,0.325850,0.388032,0.261870,0.569329
2097152,0.130859,0.2775304,0.365530,0.353871,0.346128,0.547116,0.342959
8192,0.002691,0.0021485,0.002600,0.002427,0.002380,0.002733,0.002354
