4096,0.001140,33010055.6524621,0.002029,0.002416,0.004557,0.003319,0.002215
131072,0.012285,28010897.0595564,0.236636,0.030265,0.053877,0.232043,0.311692
65536,0.008708,28010269.0725269,0.011490,0.016987,0.020788,0.013136,0.013564
32768,0.003805,28020426.4185186,0.008123,0.007948,0.009176,0.008075,0.008702
16384,0.002563,28062897.7745202,0.005683,0.004074,0.004213,0.007135,0.003811
262144,0.020902,23520599.2020257,0.102320,0.251210,0.297907,0.281437,0.258189
524288,0.036673,9484633.0436485,0.277729,0.158428,0.200548,0.341376,0.180952
1048576,0.068026,23505944.6280182,0.319476,0.345211,0.499944,0.476399,0.518020
2097152,0.130998,14024996.6386596,0.557882,0.691526,0.661452,0.723135,0.693759
8192,0.001681,18928643.9430509,0.002490,0.003051,0.002711,0.002488,0.003344
4096,0.001234,28018410.9784434,0.001994,0.003543,0.001806,0.001884,0.005147
131072,0.012446,42127657.9634629,0.021991,0.021180,0.019729,0.248529,0.020397
65536,0.008904,27972798.0475006,0.011530,0.012420,0.282390,0.250441,0.025214
32768,0.003704,37508532.7262635,0.006645,0.006584,0.006819,0.006456,0.008931
16384,0.002502,28003643.0429616,0.006465,0.003937,0.004287,0.003538,0.003633
262144,0.021266,37557208.6988037,0.052295,0.062204,0.041510,0.243805,0.040075
524288,0.036575,23513576.8475972,0.558116,0.318707,0.293772,0.237162,0.168634
1048576,0.068110,37525862.4716164,0.199016,0.186811,0.308035,0.184953,0.344796
2097152,0.131285,28046172.5350579,0.422778,0.421796,0.445711,0.451635,0.590385
8192,0.001607,37492142.1233521,0.003776,0.002560,0.002550,0.003043,0.002405
4096,0.001200,23511241.5883677,0.005920,0.002560,0.001688,0.003128,0.209018
131072,0.012208,42065017.7109413,0.089362,0.022471,0.049134,0.022779,0.022869
65536,0.008974,28100658.6305910,0.224667,0.015848,0.018716,0.015607,0.015513
32768,0.003738,28066288.3798386,0.009936,0.013714,0.027421,0.217337,0.063259
16384,0.002567,28061842.2144258,0.004968,0.005012,0.005137,0.019948,0.005131
262144,0.020937,14036850.9246884,0.158024,0.434921,0.066788,0.054976,0.115862
524288,0.036652,23509964.2084071,0.092587,0.438049,0.296048,0.091130,0.272155
1048576,0.068558,51548118.0256963,0.358866,0.470235,0.370944,0.453048,0.596642
2097152,0.130725,32935243.4850830,0.496875,0.808412,0.582926,0.511090,0.421388
8192,0.001654,28064008.3078530,0.006051,0.002396,0.004107,0.003248,0.003092
