4096,0.002340,0.0023740,0.003225,0.004887,0.002887,0.003318,0.002582,0.003444,0.002222,0.002279
131072,0.011781,0.0166050,0.031795,0.035072,0.220769,0.036075,0.031077,0.044171,0.030966,0.031917
65536,0.008347,0.0093770,0.019520,0.017760,0.018518,0.020815,0.017648,0.017605,0.019124,0.018023
32768,0.005834,0.0056916,0.008299,0.026349,0.005859,0.007685,0.022826,0.211375,0.210828,1.023585
16384,0.005308,0.0051260,0.006426,0.006393,0.007360,0.006680,0.007621,0.006837,0.006760,0.006605
262144,0.018378,0.0275738,0.043195,0.043848,0.042808,0.042731,0.042238,0.043565,0.044621,0.043786
524288,0.033036,0.0450932,0.079499,0.103070,0.085945,0.082284,0.082433,0.082022,0.079497,0.087660
1048576,0.059936,0.0850464,0.234273,0.395603,0.245142,0.402967,0.390014,0.389836,0.236336,0.233301
2097152,0.114952,0.1671618,0.659560,0.475477,0.491782,0.636170,0.594993,0.553604,0.462865,0.573927
8192,0.002691,0.0023830,0.004678,0.005157,0.004721,0.004735,0.004657,0.003819,0.004656,0.004369
4096,0.002299,0.0021395,0.003796,0.004111,0.003329,0.003481,0.003809,0.003488,0.003989,0.005171
131072,0.011432,0.0140528,0.028742,0.025761,0.026745,0.027367,0.027106,0.027071,0.028522,0.027440
65536,0.008411,0.0093770,0.016947,0.018972,0.016888,0.037877,0.018700,0.018498,0.019156,0.017330
32768,0.005798,0.0053521,0.011684,1.014506,0.007840,0.008193,0.008563,0.008579,0.010196,0.214242
16384,0.004097,0.0040275,0.008758,0.007797,0.007095,0.005319,0.008945,0.006459,0.007289,0.006423
262144,0.018535,0.0213322,0.059487,0.061743,0.061299,0.265994,0.062342,0.060889,0.058750,0.062041
524288,0.032290,0.0560620,0.127706,0.128054,0.302316,0.145373,0.352457,0.314223,0.321719,0.310716
1048576,0.058920,0.1121310,0.157876,0.163406,0.153467,0.149505,0.158050,0.158495,0.164249,0.162846
2097152,0.114716,0.1648880,0.584500,0.683650,0.660354,0.751530,0.477552,0.550927,0.707785,0.474029
8192,0.002694,0.0023830,0.008551,0.004580,0.004532,0.003671,0.003714,0.003617,0.003161,0.002632
4096,0.002359,0.0021395,0.003595,0.003512,0.003387,0.003451,0.004751,0.004210,0.003676,0.005128
131072,0.010727,0.0152038,0.023713,0.024848,0.024692,0.024781,0.023235,0.024400,0.025973,0.027519
65536,0.008665,0.0093770,0.019123,0.018189,0.019042,0.019414,0.017018,0.019694,0.019451,0.017267
32768,0.006532,0.0067780,0.007935,0.008537,0.011207,0.008821,0.007687,0.006938,0.008814,0.008003
16384,0.003865,0.0039285,0.003307,0.003276,0.004779,0.004742,0.003243,0.003141,0.004769,0.003328
262144,0.018906,0.0279098,0.056834,0.060911,0.063630,0.263762,0.062034,1.048816,0.057849,0.306308
524288,0.032670,0.0441980,1.105223,0.119964,0.296625,0.321696,0.310356,0.128259,0.293970,0.126364
1048576,0.059550,0.0847250,0.448981,1.242361,0.233922,0.526226,0.569213,0.585622,0.378231,0.256837
2097152,0.114766,0.1648880,0.865787,0.603376,0.722141,0.693863,0.568122,0.479026,0.491409,0.522570
8192,0.002656,0.0021405,0.005033,0.005447,0.004382,0.004018,0.004811,0.003902,0.007287,0.003417
