4096,0.000000,0.0008755,0.012343,0.001064,0.001069,0.001108,0.000877
131072,0.002380,0.0061429,0.211619,0.008843,0.212660,0.007865,0.007737
65536,0.000841,0.0035994,0.004635,0.004174,0.004614,0.004008,0.004708
32768,0.000710,0.0030358,0.003243,0.002828,0.017782,0.003384,0.003637
16384,0.000850,0.0022000,0.002462,0.002313,0.002250,0.019187,0.002349
262144,0.000704,0.0097928,0.012887,0.026813,0.011972,0.030994,0.014778
524288,0.008839,0.0222467,0.027792,0.023520,0.021738,0.023658,0.021999
1048576,0.000000,0.0379357,0.057422,0.051177,0.052547,0.056016,0.271541
2097152,0.028923,0.0827301,0.376910,0.129997,0.335910,0.554083,0.754879
8192,0.000258,0.0009485,0.001090,0.001426,0.001066,0.001426,0.001167
4096,0.000000,0.0008490,0.001135,0.001068,0.019566,0.001463,0.001185
131072,0.002840,0.0069031,0.213586,0.008903,0.225480,0.008367,0.022086
65536,0.000000,0.0033922,0.016779,0.004028,0.210498,0.004669,0.005151
32768,0.000963,0.0023445,0.417234,0.003301,0.002298,0.015308,0.003223
16384,0.000522,0.0020925,0.002762,0.002244,0.002671,0.002473,1.001197
262144,0.003028,0.0099698,0.013170,0.013300,0.024734,0.219535,0.012878
524288,0.009792,0.0207501,0.035105,0.222762,0.028649,0.025362,0.023682
1048576,0.012936,0.0432902,0.059632,0.041886,0.035752,0.037918,0.056337
2097152,0.000000,0.0777531,0.121591,0.485363,0.088762,0.290917,0.333167
8192,0.000000,0.0462413,0.001206,0.001747,0.001420,1.022181,0.001439
4096,0.000000,0.0009885,0.002424,0.001047,0.001009,0.001121,0.001182
131072,0.000723,0.0061929,0.008252,0.007031,0.007184,0.006653,0.007623
65536,0.000965,0.0049564,0.004599,0.005155,0.005052,0.004589,0.004955
32768,0.001101,0.0022969,0.207919,0.003374,0.002948,0.048032,0.003634
16384,0.001009,0.0019770,0.002667,0.002261,0.002171,0.002683,0.002236
262144,0.001372,0.0095618,0.219855,0.013599,0.012750,0.014393,0.014383
524288,0.006944,0.0211625,0.020768,0.024302,0.022027,0.037424,0.022377
1048576,0.000000,0.0482672,0.048546,0.244101,0.049568,0.061781,0.050642
2097152,0.005104,0.0884950,0.110602,0.099072,0.112776,0.307262,0.121961
8192,0.000000,0.0008795,0.015416,0.001484,0.001550,0.001274,0.001011
