4096,0.000304,0.0009385,0.005499,0.001589,0.001563,0.001024,0.001091
131072,0.003743,0.0065645,0.008983,0.007673,0.007024,0.007573,0.007303
65536,0.001171,0.0034780,0.004473,0.004866,0.004285,0.004518,0.004019
32768,0.000344,0.0025455,0.003346,0.003626,0.003354,0.417811,0.002950
16384,0.000576,0.0020055,0.002591,0.002198,0.002664,0.002666,0.002649
262144,0.001224,0.0117667,0.016409,0.017464,0.012651,0.012943,0.014604
524288,0.001783,0.0255657,0.025076,0.232060,0.023222,0.037553,0.232701
1048576,0.016924,0.0490000,0.056065,0.059292,0.245276,0.053562,0.059045
2097152,0.024040,0.0700063,0.396936,0.303461,0.290156,0.277731,0.159725
8192,0.000000,0.0009115,0.001179,0.001084,0.001137,0.001175,0.001274
4096,0.000000,0.0009115,0.001133,0.001379,0.000915,0.001299,0.001036
131072,0.002453,0.0059720,0.210223,0.008237,0.007955,0.023830,0.007167
65536,0.001112,0.0038559,0.018043,0.005373,0.004447,0.004594,0.005349
32768,0.000512,0.0031973,0.003257,0.003053,0.003123,0.003075,0.002773
16384,0.000792,0.0021580,0.002320,0.002441,0.002393,0.002345,0.002170
262144,0.002448,0.0117872,0.013599,0.013142,0.014377,0.216596,0.013779
524288,0.009976,0.0273750,0.227437,0.024623,0.028111,0.024885,0.028069
1048576,0.013833,0.0408743,0.252160,0.322688,0.081136,0.074616,0.242200
2097152,0.023680,0.0886084,0.502561,0.148111,0.379590,0.287918,0.136458
8192,0.000326,0.0520502,0.001391,0.001044,0.001488,0.001819,0.002359
4096,0.000540,0.0009465,0.001077,0.013876,0.000871,0.001077,0.001584
131072,0.001693,0.0058413,0.010563,0.009226,0.008579,0.007975,0.022392
65536,0.000979,0.0050285,0.627549,0.005328,0.005160,0.021735,0.005296
32768,0.000798,0.0031112,0.019615,0.002973,0.003821,0.003711,0.003135
16384,0.001064,0.0021345,0.002790,0.223152,0.002295,0.020038,0.002022
262144,0.002401,0.0092597,0.220033,0.019299,0.013332,0.013703,0.013894
524288,0.007936,0.0200075,0.030201,0.026005,0.026571,0.023593,0.025587
1048576,0.000000,0.0463937,0.271401,0.076036,0.304061,0.063448,0.251267
2097152,0.005104,0.0853994,0.138416,0.296857,0.121334,0.288478,0.270559
8192,0.000256,0.0644374,0.001171,0.001668,0.001753,0.001021,0.001980
