4096,0.002343,0.0020590,0.004918,0.002528,0.004074,0.002813,0.002803
131072,0.012501,0.0175217,0.237611,0.048537,0.037803,0.030558,0.029378
65536,0.008700,0.0095935,0.016953,0.017410,0.017101,0.017472,0.016937
32768,0.006234,0.0065347,0.009697,0.211448,0.009387,0.009525,0.010337
16384,0.004446,0.0047755,0.007387,0.007764,0.007833,0.006526,0.007738
262144,0.020972,0.0329140,0.247610,1.054280,0.053922,1.083184,0.056432
524288,0.036572,0.0644700,0.111818,0.305079,0.298662,0.102172,0.291194
1048576,0.067914,0.1275820,0.221003,0.248957,1.369370,0.389128,0.395110
2097152,0.130760,0.2538060,0.752242,0.703319,0.529779,0.485190,0.508029
8192,0.002631,0.0020680,0.002807,0.004611,0.005098,0.004098,0.004620
4096,0.002343,0.0020590,0.003861,0.004515,0.003338,0.004655,0.003854
131072,0.012384,0.0175217,0.028672,0.230932,0.037443,0.030436,0.030510
65536,0.008720,0.0095935,0.015472,0.015287,0.015559,0.015547,0.015727
32768,0.006162,0.0065347,0.008874,0.009266,0.007283,0.009598,0.009953
16384,0.004452,0.0047755,0.007268,0.007259,0.005159,0.007225,0.210737
262144,0.020963,0.0329140,0.059225,0.055997,0.080336,0.057678,0.254966
524288,0.036555,0.0644700,0.299579,1.109025,0.107629,0.281291,1.082430
1048576,0.067920,0.1275820,0.513169,0.208619,0.388785,0.220277,0.379848
2097152,0.130824,0.2538060,0.614927,0.520993,0.567247,0.544897,0.419468
8192,0.002644,0.0020680,0.003115,0.004317,0.004922,0.005028,0.004525
4096,0.002349,0.0020590,0.003875,0.003635,0.004196,0.004052,0.004303
131072,0.012384,0.0175217,0.036725,0.029938,0.030016,0.030086,0.029980
65536,0.008744,0.0095935,0.016202,0.015640,0.015252,0.015586,0.016441
32768,0.006221,0.0065347,0.009863,0.009864,0.009210,0.008033,0.018715
16384,0.004413,0.0047755,0.008448,0.007605,0.007001,0.007000,0.004935
262144,0.020974,0.0329140,0.248581,0.054152,0.069817,0.056717,0.059359
524288,0.036539,0.0644700,0.128937,0.105293,1.088607,0.291749,1.096592
1048576,0.067811,0.1275820,0.411187,0.243067,0.535043,0.404490,0.221053
2097152,0.130875,0.2538060,0.521498,0.618970,0.514940,0.426803,0.608445
8192,0.002685,0.0020680,0.002594,0.005574,0.004445,0.004835,0.004934
