4096,0.005904,0.0024335,0.004003,0.003538,0.003316,0.004017,0.003517
131072,0.051088,0.0202615,0.033481,0.030741,0.034019,0.030660,0.030841
65536,0.018884,0.0108955,0.016424,0.016981,0.016739,0.016449,0.016153
32768,0.021975,0.0067605,0.008947,0.009335,0.009234,0.009510,0.206869
16384,0.013264,0.0047815,0.006823,0.007445,0.007969,0.006623,0.007147
262144,0.098124,0.0330645,0.251233,0.252421,1.054094,0.048178,0.058215
524288,0.192300,0.0640619,0.099470,0.093390,0.098995,0.105616,0.295565
1048576,0.380135,0.1260560,0.232770,0.225733,0.565250,0.226963,0.396574
2097152,0.539305,0.2500435,0.688282,0.490748,0.641517,0.546623,0.457243
8192,0.004262,0.0024345,0.004337,0.006123,0.004151,0.004627,0.004743
4096,0.005010,0.0024335,0.004950,0.004054,0.004211,0.003914,0.004316
131072,0.035759,0.0202615,0.029072,0.028366,0.030220,0.029630,0.031230
65536,0.027493,0.0108955,0.016232,0.016460,0.016724,0.017217,0.016959
32768,0.021229,0.0067605,0.009088,0.008595,0.212579,0.008870,0.008745
16384,0.013762,0.0047815,0.007497,0.007866,0.006792,0.007191,0.007783
262144,0.098124,0.0330645,0.058285,0.047985,0.086182,0.055832,1.053971
524288,0.192300,0.0640619,0.104950,0.108880,0.112647,0.106101,0.304762
1048576,0.270672,0.1260560,0.221198,0.522636,0.212671,0.340869,0.201154
2097152,0.756311,0.2500435,0.394847,0.442377,0.581098,0.486558,0.402026
8192,0.007855,0.0024345,0.004729,0.004093,0.004198,0.004241,0.003999
4096,0.003119,0.0024335,0.004941,0.004065,0.004219,0.004308,0.003872
131072,0.051088,0.0202615,0.027202,0.026424,0.027691,0.027479,0.028074
65536,0.027493,0.0108955,0.016487,0.017458,0.017249,0.015807,0.016312
32768,0.016132,0.0067605,0.009048,0.008547,0.011002,0.008833,0.008704
16384,0.011149,0.0047815,0.007280,0.005257,0.006328,0.006836,0.006747
262144,0.098124,0.0330645,0.271329,0.251797,0.252183,0.062345,0.251931
524288,0.192300,0.0640619,0.120222,0.105498,0.310549,0.109663,0.302743
1048576,0.270672,0.1260560,0.220567,0.215660,0.203981,0.194277,1.370298
2097152,0.756311,0.2500435,0.528687,0.424453,0.432012,0.698138,1.401650
8192,0.008441,0.0024345,0.004499,0.004462,0.004007,0.004799,0.004524
