4096,0.005914,0.0024335,0.004226,0.004304,0.003865,0.004156,0.003944
131072,0.035759,0.0202615,0.457414,0.031576,0.241528,0.028636,0.029258
65536,0.018884,0.0108955,0.017674,0.016711,0.016026,0.017215,0.016812
32768,0.017584,0.0067605,0.009393,0.009154,0.009103,0.009523,0.008339
16384,0.011149,0.0047815,0.007797,0.007227,0.008036,0.007939,0.008110
262144,0.098124,0.0330645,0.055129,0.264006,0.056397,0.453585,1.065004
524288,0.192300,0.0640619,0.320920,1.106471,0.103092,0.120244,0.113155
1048576,0.270672,0.1260560,0.219457,0.372317,0.252998,0.227866,0.218797
2097152,0.539305,0.2500435,0.532678,0.442245,0.497307,0.551138,0.448150
8192,0.006570,0.0024345,0.003988,0.004037,0.004662,0.004135,0.004604
4096,0.006017,0.0024335,0.003959,0.003557,0.004816,0.005422,0.003573
131072,0.051088,0.0202615,0.228621,0.028601,0.028951,0.028155,0.029192
65536,0.027493,0.0108955,0.016347,0.017401,0.016942,0.017515,0.017108
32768,0.021233,0.0067605,0.009491,0.008057,0.008997,0.009071,0.010316
16384,0.013795,0.0047815,0.007177,0.007634,0.009112,0.007023,0.007234
262144,0.098124,0.0330645,0.051913,0.054141,0.052359,0.051556,0.250855
524288,0.136525,0.0640619,0.281125,0.102938,1.096922,0.282584,0.102068
1048576,0.270672,0.1260560,0.222920,0.205333,0.232176,0.216694,0.365681
2097152,0.756311,0.2500435,0.632074,0.402509,0.463272,0.415008,0.542548
8192,0.007984,0.0024345,0.003932,0.004532,0.005191,0.004773,0.004403
4096,0.005249,0.0024335,0.004206,0.003379,0.004151,0.002187,0.004095
131072,0.051088,0.0202615,0.028404,0.231286,0.030009,0.229923,0.219967
65536,0.027493,0.0108955,0.015953,0.016253,0.015991,0.016425,0.015719
32768,0.021229,0.0067605,0.210090,0.009291,0.009245,0.008734,0.010639
16384,0.012563,0.0047815,0.007268,0.007217,0.005749,0.006796,0.006821
262144,0.098124,0.0330645,0.055924,0.054548,0.270417,0.056843,0.239015
524288,0.192300,0.0640619,0.283304,0.285827,0.278762,0.099937,0.097058
1048576,0.380135,0.1260560,0.218902,0.372468,1.176036,0.203430,1.171368
2097152,0.539305,0.2500435,0.441885,1.416649,0.559778,0.776012,1.513531
8192,0.007862,0.0024345,0.003207,0.005798,0.005695,0.004029,0.005191
