4096,0.002303,0.0020590,0.004126,0.003568,0.004874,0.002888,0.003772
131072,0.012430,0.0175217,0.032233,0.042434,0.029868,0.030723,0.030180
65536,0.008772,0.0095935,0.016393,0.016111,0.016370,0.015346,0.016634
32768,0.006223,0.0065347,0.009150,0.009256,0.008291,0.009977,0.062183
16384,0.004431,0.0047755,0.007657,0.004880,0.007472,0.007578,0.006222
262144,0.020972,0.0329140,0.066793,0.055226,0.266920,0.257036,0.249168
524288,0.036632,0.0644700,0.113422,0.288425,0.474693,0.284768,0.143941
1048576,0.067910,0.1275820,0.408769,0.219584,0.256607,1.183446,0.415788
2097152,0.130824,0.2538060,0.575300,0.424996,0.436897,0.590151,0.518214
8192,0.002649,0.0020680,0.004426,0.005701,0.005056,0.004783,0.005321
4096,0.002357,0.0020590,0.004284,0.004430,0.009996,0.004484,0.004608
131072,0.012453,0.0175217,0.028376,0.039798,0.028723,0.235328,0.028835
65536,0.008707,0.0095935,0.015869,0.017266,0.015623,0.019551,0.016804
32768,0.006208,0.0065347,0.009535,1.024110,0.008376,0.009829,0.022314
16384,0.004420,0.0047755,0.007237,0.007862,0.007954,0.007709,0.007666
262144,0.020974,0.0329140,0.051175,0.056727,0.066061,0.053856,0.256737
524288,0.036632,0.0644700,1.147144,0.152266,0.107680,0.300992,0.288610
1048576,0.067811,0.1275820,0.223624,0.221256,0.555700,0.408848,0.385808
2097152,0.130781,0.2538060,0.733941,0.519442,0.652223,0.563287,0.577086
8192,0.002669,0.0020680,0.004813,0.004434,0.004023,0.004424,0.004572
4096,0.002345,0.0020590,0.004005,0.004624,0.003671,0.005072,0.003878
131072,0.012384,0.0175217,0.030881,0.029236,0.032690,0.037677,0.426974
65536,0.008707,0.0095935,0.016240,0.017902,0.016058,0.015870,0.016691
32768,0.006223,0.0065347,0.009725,0.009680,0.009438,0.010060,0.010405
16384,0.004453,0.0047755,0.007223,0.007478,0.007148,0.007326,0.007561
262144,0.020919,0.0329140,0.058770,0.057410,0.059314,0.251230,0.087301
524288,0.036549,0.0644700,0.117072,0.288733,1.119579,0.297889,1.107801
1048576,0.067966,0.1275820,0.410353,1.226185,0.374639,0.407973,0.377683
2097152,0.130859,0.2538060,0.609786,0.579504,0.576114,0.509654,0.581739
8192,0.002663,0.0020680,0.004408,0.004014,0.004406,0.002675,0.004801
