4096,0.002338,0.0028318,0.004044,0.003983,0.004775,0.210186,0.004667
131072,0.012501,0.0246190,0.250853,0.237037,1.268586,0.030316,0.237511
65536,0.008720,0.0131943,0.221070,0.216361,0.224006,1.033021,0.019738
32768,0.006226,0.0087635,0.214983,0.233733,0.008266,2.312985,0.228324
16384,0.004451,0.0064380,0.231946,0.232330,0.007370,0.217156,0.010370
262144,0.020926,0.0473270,0.270782,0.276213,0.264952,0.063344,0.056601
524288,0.036451,0.0902244,0.166840,0.354107,0.332459,0.500494,0.169567
1048576,0.067910,0.1766135,0.278066,0.277620,0.426001,0.393047,0.532712
2097152,0.130859,0.3546249,0.512077,1.541589,0.759061,0.520055,0.519260
8192,0.002663,0.0028408,0.206671,0.005451,0.004896,0.004460,0.005115
4096,0.002321,0.0028318,0.004585,0.004772,0.005657,0.006570,0.004636
131072,0.012501,0.0246190,0.253067,0.029237,0.241983,0.252106,0.032219
65536,0.008694,0.0131943,0.017006,0.016400,1.046001,0.016965,0.224470
32768,0.006217,0.0087635,1.028431,0.017862,0.214159,0.230022,1.225789
16384,0.004425,0.0064380,1.018948,0.007227,0.009009,1.036830,1.261919
262144,0.020972,0.0473270,0.525140,0.314284,0.058626,0.259062,0.280032
524288,0.036451,0.0902244,0.127418,0.322429,1.104301,0.117532,0.318252
1048576,0.067811,0.1766135,0.413239,0.399188,0.306845,0.284993,0.404145
2097152,0.130859,0.3546249,0.947753,0.785903,0.589322,0.621103,0.468327
8192,0.002671,0.0028408,0.006456,0.005057,0.004779,0.005048,0.004442
4096,0.002304,0.0028318,0.004564,1.015114,0.004700,0.005418,0.005485
131072,0.012384,0.0246190,1.096702,0.044008,0.234740,0.030059,0.465368
65536,0.008707,0.0131943,0.016367,0.222104,1.046607,0.249531,0.016862
32768,0.006193,0.0087635,0.009866,0.233567,0.020483,1.030858,0.214547
16384,0.004444,0.0064380,0.006823,0.007399,1.019106,1.021431,0.209881
262144,0.020974,0.0473270,0.305341,1.083758,0.053602,0.281461,1.719872
524288,0.036522,0.0902244,0.568897,0.694265,0.304960,0.351252,0.332755
1048576,0.067912,0.1766135,0.473438,0.431942,0.427670,0.413213,0.300117
2097152,0.130902,0.3546249,0.522410,0.510749,0.552338,0.459537,1.499571
8192,0.002666,0.0028408,0.004572,0.005359,0.004195,0.228015,0.004406
