4096,0.002330,0.0031335,0.002838,0.002755,0.004444,0.001415,0.002600
131072,0.012453,0.0202601,0.224273,0.021308,0.021483,0.027311,0.030552
65536,0.008694,0.0115430,0.016404,0.037495,0.010123,0.020319,0.009541
32768,0.006233,0.0080901,0.006514,0.010052,0.006980,0.010097,0.009672
16384,0.004426,0.0058570,0.004187,0.012833,0.004607,0.023601,0.007419
262144,0.020961,0.0363391,0.046789,0.239735,0.047084,0.071839,0.050430
524288,0.036437,0.0712040,0.156646,0.149179,0.283124,0.289920,0.141211
1048576,0.067853,0.1417178,0.116959,0.336728,0.082792,0.105166,0.081640
2097152,0.130760,0.2827461,0.199207,0.387571,0.237107,0.231140,0.151727
8192,0.002662,0.0031425,0.002907,0.002984,0.002725,0.002674,0.002953
4096,0.002315,0.0031335,0.002156,0.004763,0.002826,0.001819,0.003264
131072,0.012395,0.0202601,0.038638,0.242855,0.039062,0.454848,0.280543
65536,0.008744,0.0115430,0.223646,0.019330,0.052379,0.026500,0.468754
32768,0.006193,0.0080901,0.006458,0.294047,0.006478,0.006640,0.214027
16384,0.004429,0.0058570,0.006821,0.005411,0.006059,0.004644,0.008007
262144,0.020972,0.0363391,0.257258,0.245764,0.040969,0.044964,0.040981
524288,0.036555,0.0712040,0.272254,0.095704,0.099869,0.157475,0.114187
1048576,0.067885,0.1417178,0.200265,0.367479,0.211129,0.202819,0.159079
2097152,0.130889,0.2827461,0.423105,0.400655,0.379869,0.457862,0.482771
8192,0.002663,0.0031425,0.002658,0.002793,0.002781,0.005484,0.002687
4096,0.002349,0.0031335,0.001383,0.001680,0.003856,0.002999,0.001754
131072,0.012470,0.0202601,0.028837,0.082265,0.083868,0.051215,0.144913
65536,0.008772,0.0115430,0.242768,0.011339,0.214857,0.012098,0.011787
32768,0.006137,0.0080901,0.007264,0.007117,0.020857,0.006796,0.010725
16384,0.004412,0.0058570,0.022282,0.003995,0.010162,0.005583,0.004565
262144,0.020974,0.0363391,0.262706,0.128591,0.104208,0.069249,0.063181
524288,0.036632,0.0712040,0.270642,0.278233,0.275558,0.507602,0.119748
1048576,0.067811,0.1417178,0.353137,0.185215,0.393506,0.342500,0.359788
2097152,0.130872,0.2827461,0.397802,0.394484,0.386778,0.369085,0.416087
8192,0.002654,0.0031425,0.003281,0.003450,0.002802,0.005395,0.003394
