4096,0.004988,0.0078865,0.004377,0.004165,0.004982,0.004885,0.003721
131072,0.062342,0.0232736,0.042691,0.030878,0.028887,0.028582,0.028920
65536,0.033386,0.0122045,0.015838,0.016570,0.015917,0.016351,0.015780
32768,0.019261,0.0082205,0.009178,0.009076,0.009741,0.009339,0.009564
16384,0.011734,0.0056890,0.007921,0.007697,0.007204,0.007146,0.007259
262144,0.120593,0.0484890,0.054563,0.060007,0.255492,0.063493,0.057277
524288,0.236634,0.0801920,0.109005,0.169470,0.112102,0.115028,0.319437
1048576,0.468181,0.1483545,0.396699,0.432442,0.401246,0.431254,1.185657
2097152,0.931879,0.2873822,0.527415,0.484386,0.463780,1.351912,1.311611
8192,0.007236,0.0078955,0.004686,0.004593,0.004280,0.004802,0.004407
4096,0.005144,0.0078865,0.005174,0.003868,0.003744,0.004435,0.004662
131072,0.062349,0.0232736,0.028512,0.029721,0.029172,0.030121,0.030337
65536,0.033400,0.0122045,0.016172,0.017603,0.016775,0.015380,0.015719
32768,0.019214,0.0082205,0.008980,0.218049,0.007922,0.211420,0.009460
16384,0.011768,0.0056890,0.007614,0.008337,0.007221,0.007873,0.007435
262144,0.120593,0.0484890,0.248381,1.071372,0.051601,0.252741,1.063946
524288,0.236634,0.0801920,0.294743,1.099845,0.105963,0.302623,0.109580
1048576,0.468163,0.1483545,0.217874,0.218600,0.209861,0.205660,0.534264
2097152,0.931907,0.2873822,0.501744,2.349858,0.603795,0.575982,0.568209
8192,0.007168,0.0078955,0.005562,0.003985,0.005198,0.004283,0.004972
4096,0.005099,0.0078865,0.003885,0.003648,0.003619,0.003450,0.003729
131072,0.062362,0.0232736,0.029942,0.029658,0.029571,0.041631,0.029033
65536,0.033404,0.0122045,0.016754,0.016677,0.015966,0.015843,0.015976
32768,0.019176,0.0082205,0.008764,0.009609,0.009015,0.227381,0.009522
16384,0.011789,0.0056890,0.007520,0.007542,0.006736,0.007245,0.007886
262144,0.120593,0.0484890,0.063809,0.256888,0.067610,0.058524,0.056917
524288,0.236300,0.0801920,0.304532,0.333584,0.107466,0.114958,0.288314
1048576,0.469518,0.1483545,1.377347,0.570496,0.219019,0.235060,1.180851
2097152,0.931914,0.2873822,0.541876,1.520449,0.747594,0.553623,0.669850
8192,0.007224,0.0078955,0.004435,0.003211,0.004111,0.004710,0.004576
