4096,0.001218,0.0014630,0.001719,0.003944,0.001979,0.004611,0.002371
131072,0.012635,0.0221760,0.350813,0.245296,0.248786,0.054651,0.028945
65536,0.008904,0.0116760,0.014231,0.014178,0.221017,0.232486,0.213326
32768,0.003731,0.0058505,0.014029,0.007461,0.007334,0.007027,0.007113
16384,0.002514,0.0033735,0.008044,0.006018,0.004923,0.005637,0.004341
262144,0.020965,0.0433006,0.258615,0.273654,0.124231,0.323048,0.480947
524288,0.036575,0.0798385,0.103160,0.300178,0.303971,0.328260,0.341531
1048576,0.067886,0.1529150,0.334071,0.355198,0.290758,0.291735,0.423946
2097152,0.131285,0.2990666,0.379064,0.399952,0.469890,0.504397,0.377633
8192,0.001641,0.0020915,0.002423,0.002565,0.002883,0.002739,0.004957
4096,0.001181,0.0014630,0.003508,0.001405,0.001378,0.001436,0.001574
131072,0.012635,0.0221760,0.041334,0.034753,0.021924,0.035032,0.047624
65536,0.008904,0.0116760,0.015152,0.232328,0.220528,0.042713,0.016069
32768,0.003787,0.0058505,0.007961,0.016130,0.008081,0.010198,0.027613
16384,0.002505,0.0033735,0.008339,0.004402,0.003997,0.005544,0.004102
262144,0.020825,0.0433006,0.438518,0.107173,0.272905,0.259294,0.076298
524288,0.036540,0.0798385,0.363334,0.333331,0.543877,0.291999,0.288258
1048576,0.067795,0.1529150,0.324309,0.440628,0.430879,0.395935,0.399322
2097152,0.130837,0.2990666,0.621024,0.538883,0.704965,0.513066,0.580754
8192,0.001653,0.0020915,0.005083,0.208078,0.003615,0.002870,0.007436
4096,0.001204,0.0014630,0.001623,0.003076,0.004008,0.004372,0.001563
131072,0.012460,0.0221760,0.048287,0.231496,0.234189,0.092897,0.035219
65536,0.008904,0.0116760,0.027674,0.226188,0.225453,0.026561,0.011596
32768,0.003765,0.0058505,0.011654,0.009278,0.011784,0.006826,0.009098
16384,0.002522,0.0033735,0.008712,0.005597,0.009509,0.007511,0.003961
262144,0.021154,0.0433006,0.079715,0.157253,0.274018,0.065596,0.285233
524288,0.036533,0.0798385,0.139765,0.175018,0.086783,0.104021,0.123644
1048576,0.067886,0.1529150,0.430773,0.410309,0.587048,0.431710,0.291440
2097152,0.130641,0.2990666,0.674472,0.224603,0.214407,0.195693,0.199552
8192,0.001677,0.0020915,0.004112,0.002729,0.002337,0.002855,0.003994
