4096,0.001695,0.0028051,0.004421,0.006774,0.005109,0.003622,0.008042,0.002887,0.009308,0.008888,0.009447
131072,0.026805,0.1190715,0.322685,3.298872,0.291969,0.682032,0.257287,0.149163,0.723873,0.477911,0.371013
65536,0.018795,0.0318810,0.030220,0.453539,0.464909,0.518658,0.556086,0.457638,0.510772,0.697858,0.552666
32768,0.013590,0.0164115,0.473429,0.854876,0.486897,0.456379,0.249994,0.467416,0.473621,0.432220,0.428858
16384,0.004663,0.0082723,0.217247,0.221520,0.223205,0.013140,0.219219,0.244126,0.011534,0.237442,0.012421
262144,0.045570,0.1191675,0.329132,0.395224,0.581685,0.559258,0.629749,0.547688,0.148311,0.588455,0.764158
524288,0.078540,0.2325075,0.494422,0.376675,0.464324,0.737200,0.701172,0.798278,1.378521,0.637572,0.474117
1048576,0.146025,0.4591875,0.524049,0.762966,1.328413,0.793306,0.710340,0.707251,0.600247,0.849705,0.818107
2097152,0.281295,0.9125475,1.133898,1.249906,0.963450,1.359643,2.158561,1.691811,1.221106,1.285654,1.580754
8192,0.002657,0.0039330,0.006694,0.006577,0.218979,0.028552,0.226739,0.006674,0.218394,0.005976,0.012101
4096,0.001687,0.0022891,0.210129,0.211944,0.214948,0.210674,0.005221,0.213608,0.004657,0.004733,0.224202
131072,0.026235,0.0630120,0.468850,0.499686,0.260182,0.098251,0.560969,0.748643,0.476641,0.699006,0.600937
65536,0.018750,0.0318810,0.427505,0.037571,2.037464,0.462301,0.252852,0.026579,0.083562,0.071196,0.026382
32768,0.013590,0.0164115,0.237922,0.314885,0.430090,0.233105,0.230913,0.258135,0.293766,0.015916,0.474244
16384,0.004674,0.0082723,0.217347,0.217918,0.218677,0.239944,0.230168,0.067062,0.016057,0.022871,0.232290
262144,0.045150,0.1191675,0.580895,0.573783,0.294763,1.341794,1.314105,0.393913,0.589517,0.420334,0.492768
524288,0.079635,0.2325075,0.914536,0.805977,1.533004,0.672744,0.508468,1.198718,0.546934,1.723004,0.529151
1048576,0.145275,0.4591875,0.889161,1.795811,0.654790,0.752149,0.704968,0.751733,0.961593,0.638784,1.155251
2097152,0.281325,0.9125475,1.439273,1.011033,1.074174,1.041774,1.143315,0.885096,0.953276,1.106536,1.592945
8192,0.002667,0.0039330,0.746280,0.421940,0.219713,0.217367,0.216002,0.214747,0.241147,0.027292,0.015774
4096,0.001683,0.0022891,0.005671,0.215441,0.211166,0.218419,0.003263,0.003587,0.024273,0.010306,0.223737
131072,0.026490,0.0630120,0.068941,0.454519,0.045131,0.480249,0.273489,0.043797,0.471648,0.071560,0.283528
65536,0.018750,0.0318810,0.454892,0.032773,0.030483,0.052774,0.519961,0.702226,0.473885,0.274884,0.470198
32768,0.013590,0.0164115,0.249226,0.226336,0.027399,0.015662,0.014910,0.259543,0.645544,0.014871,0.231390
16384,0.004679,0.0082723,0.243391,0.015417,0.074607,0.228359,1.024626,0.428564,0.222045,0.219480,0.224268
262144,0.045210,0.1191675,0.875510,0.394661,1.201288,0.625183,0.681392,0.377451,0.412283,0.562986,0.514483
524288,0.079515,0.2325075,0.679272,0.752253,0.419555,0.633165,0.445990,0.536187,0.519193,0.570639,0.434184
1048576,0.144990,0.4591875,1.066046,2.394248,1.124667,1.002361,1.069620,0.977439,1.110551,1.200244,0.997964
2097152,0.279840,0.9125475,1.072501,1.049836,1.207011,1.121659,1.052114,1.026375,1.108975,1.064923,1.267511
8192,0.002579,0.0039330,0.208950,0.007418,0.006967,0.214517,0.221774,0.213954,0.236906,0.254439,0.026014
