4096,0.002156,0.0024335,0.003867,0.004112,0.003833,0.003602,0.003739
131072,0.025362,0.0202615,0.035164,0.029762,0.055816,0.031365,0.030676
65536,0.013663,0.0108955,0.016891,0.030959,0.017026,0.017151,0.015699
32768,0.015524,0.0067605,0.009048,0.008644,0.009104,0.008688,0.008837
16384,0.009171,0.0047815,0.006775,0.008620,0.007534,0.007097,0.006837
262144,0.048936,0.0330645,0.056606,0.048257,0.049412,0.244921,0.246157
524288,0.095985,0.0640619,1.119408,0.118650,0.298780,0.358475,0.112483
1048576,0.189726,0.1260560,0.236542,0.236379,0.237195,0.442052,0.540712
2097152,0.377869,0.2500435,0.588009,0.385759,0.557841,0.470247,0.430468
8192,0.005997,0.0024345,0.004828,0.005086,0.010772,0.005461,0.004102
4096,0.003853,0.0024335,0.003710,0.004365,0.004505,0.005194,0.003963
131072,0.025362,0.0202615,0.028706,0.043943,0.029164,0.029577,0.030534
65536,0.013663,0.0108955,0.016068,0.017116,0.015700,0.016456,0.016001
32768,0.015524,0.0067605,0.008793,0.009986,0.009600,0.009435,0.212146
16384,0.007882,0.0047815,0.008652,0.007047,0.006668,0.007813,0.007619
262144,0.048936,0.0330645,0.054762,0.064878,0.053820,0.058508,0.053184
524288,0.095985,0.0640619,0.100270,0.305488,0.110250,0.095345,0.098094
1048576,0.189726,0.1260560,1.169014,0.197270,0.226938,0.198724,0.382233
2097152,0.377869,0.2500435,0.436456,0.636513,0.526885,0.562940,0.471785
8192,0.005997,0.0024345,0.005177,0.005962,0.005669,0.004350,0.005002
