4096,0.002349,0.0020590,0.004033,0.002881,0.003996,0.004180,0.003664
131072,0.012501,0.0175217,0.040851,0.032809,0.030514,0.047141,0.031708
65536,0.008707,0.0095935,0.016402,0.015802,0.015732,0.015678,0.016325
32768,0.006178,0.0065347,1.018736,0.008920,0.007656,0.009135,0.020748
16384,0.004436,0.0047755,0.006953,0.006975,0.007628,0.007512,0.006561
262144,0.020974,0.0329140,0.440807,0.060427,0.072422,0.056781,0.057413
524288,0.036572,0.0644700,1.288419,1.104318,0.284107,0.326662,0.302549
1048576,0.067885,0.1275820,0.426792,0.365505,0.406055,0.382550,0.413570
2097152,0.130889,0.2538060,0.690619,1.283356,0.488010,0.659686,0.417043
8192,0.002631,0.0020680,0.004425,0.004519,0.004087,0.004147,0.004372
4096,0.002349,0.0020590,0.003747,0.003893,0.004928,0.004110,0.004477
131072,0.012453,0.0175217,0.027962,0.227137,0.028215,0.029629,0.032595
65536,0.008707,0.0095935,0.016434,0.016713,0.016532,0.018653,0.016907
32768,0.006217,0.0065347,0.009714,1.008707,0.010499,0.009392,0.009673
16384,0.004388,0.0047755,0.007437,0.007784,0.007726,0.007051,0.007032
262144,0.020963,0.0329140,0.253975,0.052388,0.050427,1.051277,0.052998
524288,0.036632,0.0644700,0.113828,0.106311,0.361591,0.107035,0.270132
1048576,0.067811,0.1275820,0.237468,0.529475,0.599988,0.585214,0.372884
2097152,0.130875,0.2538060,0.582394,0.743175,0.536632,0.555647,0.415957
8192,0.002630,0.0020680,0.004250,0.004178,0.004419,0.004592,0.005371
4096,0.002361,0.0020590,0.003938,0.003958,0.003721,0.003842,0.003937
131072,0.012501,0.0175217,0.225375,0.228187,0.230036,0.044093,0.028808
65536,0.008720,0.0095935,0.016272,0.017373,0.016621,0.016058,0.016185
32768,0.006186,0.0065347,1.022764,0.009549,0.008637,0.008727,0.009376
16384,0.004452,0.0047755,0.006469,0.007341,0.006487,0.007106,0.007200
262144,0.020919,0.0329140,0.060671,0.258477,0.053656,0.251995,0.057017
524288,0.036522,0.0644700,1.279220,0.145101,0.103987,0.317761,0.308918
1048576,0.067912,0.1275820,1.210331,0.537110,0.378791,0.215927,0.340921
2097152,0.130859,0.2538060,0.428586,0.512109,0.767347,0.416316,0.467041
8192,0.002669,0.0020680,0.004998,0.005628,0.005594,0.004477,0.004205
