4096,0.005045,0.0078865,0.004248,0.003804,0.004452,0.004455,0.003925
131072,0.062367,0.0232736,0.231546,0.237145,0.232486,1.030178,0.233277
65536,0.033404,0.0122045,0.016316,0.017353,0.017059,0.017794,0.015776
32768,0.019246,0.0082205,0.009072,0.212365,0.007543,0.009294,0.008322
16384,0.011730,0.0056890,0.007423,0.007145,0.006690,0.006957,0.007393
262144,0.120593,0.0484890,0.054355,0.504526,0.055596,0.261941,0.253344
524288,0.236300,0.0801920,0.118777,0.110905,0.314591,0.124703,0.109177
1048576,0.468412,0.1483545,0.420256,0.239860,0.219939,0.201833,0.224596
2097152,0.931919,0.2873822,0.410728,0.530715,0.441596,0.446326,0.722510
8192,0.007233,0.0078955,0.004282,0.004864,0.004396,0.004342,0.004856
4096,0.005086,0.0078865,0.004398,0.004755,0.003946,0.003853,0.003614
131072,0.062367,0.0232736,0.029722,0.030630,0.028422,0.030251,0.236898
65536,0.033404,0.0122045,0.015847,0.015794,0.016841,0.015747,0.016756
32768,0.019233,0.0082205,0.009104,0.008351,0.008910,0.009697,0.008795
16384,0.011731,0.0056890,0.006621,0.007018,0.006763,0.007180,0.006550
262144,0.120568,0.0484890,0.073800,0.063606,0.247479,0.051443,0.051933
524288,0.236300,0.0801920,0.115894,1.111149,0.112776,0.118250,0.299358
1048576,0.468169,0.1483545,0.370658,0.209673,1.178202,1.374976,0.375620
2097152,0.932028,0.2873822,0.413281,0.601506,0.401404,0.420066,0.528103
8192,0.007139,0.0078955,0.005114,0.004108,0.004697,0.004598,0.004599
4096,0.005045,0.0078865,0.003861,0.005134,0.004088,0.005112,0.004220
131072,0.062589,0.0232736,0.029956,0.028350,0.232697,1.052220,0.031302
65536,0.033502,0.0122045,0.016244,0.016293,0.016120,0.016021,0.015431
32768,0.019303,0.0082205,0.008720,0.018168,0.009062,0.210813,0.008415
16384,0.011734,0.0056890,0.007175,0.007307,0.008003,0.007115,0.007251
262144,0.120497,0.0484890,0.054946,0.268840,0.252487,0.250804,0.056410
524288,0.236357,0.0801920,0.095451,0.111585,0.291245,0.294844,0.288115
1048576,0.468163,0.1483545,0.393651,0.381540,1.374605,0.374877,0.221480
2097152,0.931843,0.2873822,0.675263,0.668636,0.432403,0.773793,0.509388
8192,0.007202,0.0078955,0.004434,0.004795,0.004128,0.005495,0.003903
