4096,0.001725,0.0031556,0.006537,0.209650,0.237130,0.006864,0.005451,0.004919,0.004277,0.006344,0.005027
131072,0.026700,0.1190490,0.041791,0.106740,0.265032,0.253804,0.313962,0.474558,0.614578,0.086562,1.345844
65536,0.020250,0.0576600,0.032845,0.486009,0.256015,0.263834,0.033174,0.472994,0.032415,0.052843,0.134742
32768,0.013590,0.0269640,0.064115,0.036499,0.039487,0.024648,0.235425,0.015391,0.248785,0.036296,0.226817
16384,0.004710,0.0144302,0.054002,0.015187,0.037971,0.240893,0.219268,0.220443,0.015773,0.016797,0.225127
262144,0.044505,0.1360410,0.591800,0.507036,0.492833,0.570061,0.391424,0.341947,0.473679,0.379045,0.341128
524288,0.079005,0.2743230,0.407615,0.591600,0.550727,0.592664,0.400451,0.410700,0.618396,0.689544,0.365496
1048576,0.146910,0.5508900,0.837088,0.505853,0.735180,0.980164,0.616157,0.821964,0.953722,0.948523,0.874804
2097152,0.282180,1.1040210,0.970488,1.268380,0.944441,1.317066,2.098931,1.060431,1.132482,0.817443,0.962441
8192,0.002665,0.0064541,0.008411,0.006167,0.027050,0.006811,0.211277,0.005983,0.010370,0.006710,0.009229
4096,0.001798,0.0031556,0.009174,0.011738,0.212745,0.008279,0.004035,0.004053,0.004684,0.211798,0.421882
131072,0.026805,0.1190490,1.274381,0.254056,0.255213,0.318724,0.050531,0.247780,0.466009,0.262609,0.514690
65536,0.018360,0.0576600,1.301666,0.244985,0.245352,0.687023,0.460205,0.656442,0.442344,0.283715,0.265162
32768,0.013590,0.0269640,0.440647,0.025545,0.229458,0.243955,0.439945,0.222856,0.691923,0.016470,0.236565
16384,0.004762,0.0144302,0.218203,0.016888,0.024396,0.015164,0.231435,0.215319,0.073529,0.221059,0.221052
262144,0.045075,0.1360410,0.749282,0.550152,0.507713,0.377129,0.518731,0.402105,0.521962,0.597019,0.539028
524288,0.078645,0.2743230,0.481684,0.498514,0.445746,0.449752,0.417255,0.514253,0.322990,0.396220,0.800132
1048576,0.145155,0.5508900,1.713214,1.416119,0.925984,0.831331,0.969708,0.820073,0.782121,0.739325,0.971137
2097152,0.281325,1.1040210,1.328078,1.337089,1.183419,1.259171,1.425448,1.657628,1.319518,1.461268,1.216100
8192,0.002597,0.0064541,0.213973,0.218895,0.006288,0.216184,0.029416,0.008406,0.006195,0.214307,0.007355
4096,0.001683,0.0031556,0.211908,0.216054,0.208566,0.006001,0.008871,0.009186,0.006960,0.006633,0.212542
131072,0.027045,0.1190490,0.360893,0.667836,0.247126,0.291752,0.076132,0.267940,0.259548,0.264518,0.285714
65536,0.019920,0.0576600,0.057665,0.238518,0.237175,0.463292,0.230598,0.252269,0.029247,0.484868,1.286344
32768,0.013590,0.0269640,0.014159,0.219358,0.015269,0.015374,0.013416,0.017991,0.021820,0.015223,0.024113
16384,0.004674,0.0144302,0.019103,0.215756,0.214706,0.218785,0.021343,0.034694,0.024643,0.022322,0.017034
262144,0.045210,0.1360410,0.327089,0.536226,0.634968,0.564227,0.380914,0.188428,0.345486,0.573033,0.227008
524288,0.078540,0.2743230,1.016468,0.759188,1.591008,0.441335,0.620942,0.567266,0.487560,0.541903,0.897980
1048576,0.145290,0.5508900,0.785071,0.956521,0.846853,0.738755,0.978593,0.929511,1.086710,1.013725,0.950407
2097152,0.280365,1.1040210,1.520937,1.673132,1.516909,1.864651,1.388772,1.286645,1.641136,2.527132,1.644591
8192,0.002584,0.0064541,0.008654,0.025989,0.240367,0.006099,0.214163,0.008087,0.012687,0.007145,0.021681
