40,0.000014
6,0.000026
20,0.000028
10,0.000029
20,0.000033
102,0.000037
1,0.000038
3,0.000038
128,0.000040
2,0.000043
4,0.000043
2,0.000045
64,0.000045
32,0.000046
6,0.000046
6,0.000046
8,0.000046
10,0.000047
16,0.000048
25,0.000048
6,0.000048
8,0.000048
81,0.000048
128,0.000049
25,0.000049
161,0.000050
4,0.000050
64,0.000050
102,0.000051
2,0.000051
1,0.000052
13,0.000052
2,0.000052
25,0.000052
25,0.000052
3,0.000052
13,0.000053
203,0.000053
3,0.000053
3,0.000053
4,0.000053
5,0.000053
20,0.000054
3,0.000054
5,0.000054
64,0.000054
13,0.000055
51,0.000055
64,0.000055
8,0.000055
81,0.000055
10,0.000056
102,0.000056
13,0.000056
13,0.000056
16,0.000056
2,0.000056
3,0.000056
32,0.000056
8,0.000056
8,0.000056
1,0.000057
102,0.000057
2,0.000057
40,0.000057
5,0.000057
6,0.000057
64,0.000057
10,0.000058
128,0.000058
13,0.000058
13,0.000058
16,0.000058
3,0.000058
3,0.000058
3,0.000058
3,0.000058
16,0.000059
2,0.000059
2,0.000059
25,0.000059
25,0.000059
32,0.000059
4,0.000059
6,0.000059
6,0.000059
10,0.000060
13,0.000060
13,0.000060
2,0.000060
2,0.000060
32,0.000060
32,0.000060
16,0.000061
20,0.000061
203,0.000061
3,0.000061
3,0.000061
3,0.000061
32,0.000061
40,0.000061
51,0.000061
1,0.000062
1,0.000062
1,0.000062
161,0.000062
40,0.000062
2,0.000063
2,0.000063
203,0.000063
5,0.000063
16,0.000064
16,0.000064
25,0.000064
3,0.000064
40,0.000064
5,0.000064
81,0.000064
81,0.000064
128,0.000065
51,0.000065
128,0.000066
128,0.000066
16,0.000066
2,0.000066
25,0.000066
128,0.000067
13,0.000067
32,0.000067
51,0.000067
102,0.000070
4,0.000070
6,0.000070
64,0.000070
10,0.000071
161,0.000071
10,0.000073
2,0.000073
3,0.000073
4,0.000073
81,0.000073
128,0.000074
3,0.000074
5,0.000074
51,0.000074
51,0.000074
1,0.000076
3,0.000076
3,0.000076
10,0.000077
1,0.000077
4,0.000077
2,0.000078
203,0.000078
3,0.000078
3,0.000078
3,0.000079
2,0.000080
102,0.000081
20,0.000081
64,0.000081
2,0.000082
51,0.000082
5,0.000083
32,0.000084
5,0.000084
8,0.000084
10,0.000085
102,0.000085
16,0.000085
3,0.000085
40,0.000085
4,0.000085
51,0.000085
81,0.000085
128,0.000086
203,0.000086
4,0.000086
1,0.000087
13,0.000087
16,0.000087
1,0.000088
25,0.000088
51,0.000088
64,0.000088
10,0.000089
20,0.000089
203,0.000089
32,0.000089
51,0.000089
6,0.000089
8,0.000090
1,0.000091
1,0.000091
16,0.000092
2,0.000092
32,0.000092
64,0.000093
2,0.000094
81,0.000094
25,0.000095
3,0.000095
8,0.000096
20,0.000097
2,0.000097
1,0.000098
128,0.000098
25,0.000098
64,0.000098
102,0.000099
13,0.000099
13,0.000099
13,0.000099
3,0.000099
20,0.000100
5,0.000100
8,0.000100
81,0.000100
13,0.000101
16,0.000101
25,0.000101
32,0.000101
32,0.000101
8,0.000101
25,0.000102
10,0.000103
16,0.000103
1,0.000104
1,0.000104
3,0.000104
32,0.000104
51,0.000104
6,0.000104
64,0.000104
1,0.000105
128,0.000105
5,0.000105
5,0.000105
64,0.000105
1,0.000106
16,0.000106
203,0.000106
25,0.000106
25,0.000106
102,0.000107
16,0.000107
8,0.000107
102,0.000108
161,0.000108
161,0.000108
20,0.000108
3,0.000108
40,0.000108
1,0.000109
1,0.000109
2,0.000109
51,0.000109
8,0.000109
1,0.000110
128,0.000110
81,0.000110
16,0.000111
3,0.000111
1,0.000112
128,0.000112
161,0.000112
20,0.000112
203,0.000112
3,0.000112
8,0.000112
102,0.000113
128,0.000113
2,0.000113
203,0.000113
8,0.000113
81,0.000113
3,0.000114
40,0.000114
64,0.000114
20,0.000115
3,0.000115
8,0.000115
102,0.000116
81,0.000116
25,0.000117
3,0.000118
81,0.000118
10,0.000119
32,0.000119
6,0.000119
40,0.000120
10,0.000121
1,0.000122
20,0.000122
203,0.000122
51,0.000122
161,0.000123
3,0.000123
4,0.000123
5,0.000123
51,0.000124
8,0.000124
161,0.000125
10,0.000126
3,0.000126
40,0.000126
4,0.000126
3,0.000127
32,0.000128
16,0.000129
102,0.000130
2,0.000130
2,0.000130
1,0.000133
1,0.000134
1,0.000134
13,0.000134
2,0.000134
25,0.000134
4,0.000134
1,0.000135
2,0.000135
64,0.000135
128,0.000136
2,0.000136
3,0.000137
161,0.000138
10,0.000139
81,0.000140
161,0.000142
2,0.000143
4,0.000143
2,0.000144
2,0.000144
102,0.000146
2,0.000146
2,0.000149
25,0.000149
13,0.000151
64,0.000151
81,0.000152
203,0.000153
32,0.000153
10,0.000157
161,0.000157
64,0.000157
51,0.000158
3,0.000159
5,0.000159
20,0.000160
5,0.000160
512,0.000161
102,0.000162
32,0.000163
6,0.000163
10,0.000164
25,0.000164
5,0.000164
10,0.000165
32,0.000165
4,0.000165
6,0.000165
81,0.000166
161,0.000167
81,0.000168
25,0.000169
3,0.000169
4,0.000169
6,0.000169
1,0.000170
8,0.000170
4,0.000171
40,0.000172
161,0.000173
203,0.000173
3,0.000173
102,0.000174
161,0.000174
81,0.000176
102,0.000177
8,0.000177
102,0.000178
32,0.000179
161,0.000180
2,0.000180
20,0.000181
25,0.000181
64,0.000181
2,0.000182
8,0.000182
20,0.000183
25,0.000183
4,0.000183
13,0.000185
6,0.000185
161,0.000186
25,0.000186
40,0.000186
32,0.000187
102,0.000188
161,0.000188
161,0.000188
2,0.000188
203,0.000188
8,0.000188
16,0.000190
2048,0.000190
128,0.000191
16,0.000191
1625,0.000192
40,0.000192
20,0.000193
13,0.000194
5,0.000195
2,0.000196
64,0.000197
128,0.000198
1,0.000200
2,0.000200
3,0.000202
256,0.000203
3,0.000203
323,0.000203
40,0.000203
6,0.000203
203,0.000204
2,0.000205
2,0.000205
20,0.000206
203,0.000206
1,0.000208
1625,0.000208
102,0.000209
813,0.000209
406,0.000211
5,0.000211
813,0.000211
3,0.000212
2580,0.000213
3,0.000213
32,0.000214
406,0.000214
81,0.000214
20,0.000215
512,0.000215
32,0.000216
1,0.000218
1290,0.000218
13,0.000218
6,0.000218
6,0.000218
10,0.000219
1,0.000219
32,0.000219
203,0.000220
16,0.000221
10,0.000222
10,0.000222
2,0.000222
203,0.000222
2580,0.000225
4,0.000226
1625,0.000227
25,0.000228
32,0.000229
512,0.000229
3,0.000231
323,0.000231
5161,0.000231
64,0.000231
161,0.000232
5,0.000232
1024,0.000233
323,0.000233
40,0.000233
81,0.000233
1024,0.000234
2,0.000234
2048,0.000234
3,0.000234
406,0.000234
5,0.000234
1625,0.000235
4,0.000235
5,0.000235
512,0.000235
203,0.000236
25,0.000236
406,0.000236
128,0.000237
2,0.000237
1024,0.000238
512,0.000238
512,0.000238
1,0.000239
161,0.000239
2048,0.000239
323,0.000239
128,0.000240
203,0.000240
5,0.000240
51,0.000240
51,0.000240
1,0.000241
1024,0.000241
25,0.000241
40,0.000241
8,0.000241
16,0.000242
3,0.000242
512,0.000242
6,0.000242
102,0.000243
1,0.000244
161,0.000245
2,0.000245
3,0.000245
1,0.000246
3,0.000246
161,0.000247
20,0.000247
512,0.000247
256,0.000248
512,0.000248
813,0.000248
161,0.000249
20,0.000249
813,0.000249
256,0.000250
1,0.000251
161,0.000251
16,0.000252
8192,0.000252
102,0.000253
16,0.000253
161,0.000253
2,0.000253
40,0.000253
6,0.000253
51,0.000254
512,0.000254
512,0.000254
5161,0.000254
323,0.000255
40,0.000255
323,0.000256
64,0.000256
64,0.000256
64,0.000256
2,0.000257
3,0.000257
323,0.000257
2,0.000258
203,0.000258
512,0.000258
16,0.000259
2,0.000259
813,0.000259
813,0.000259
1,0.000260
1,0.000260
203,0.000260
3251,0.000260
6,0.000260
2580,0.000261
40,0.000261
512,0.000261
1,0.000262
161,0.000263
256,0.000263
256,0.000263
256,0.000263
2580,0.000263
5,0.000263
64,0.000263
203,0.000264
323,0.000264
406,0.000264
16,0.000265
3251,0.000265
8,0.000265
323,0.000266
813,0.000266
8192,0.000266
2048,0.000267
323,0.000267
51,0.000267
16,0.000268
1625,0.000268
2,0.000268
2,0.000268
203,0.000268
32,0.000268
323,0.000268
813,0.000268
1625,0.000269
40,0.000269
2048,0.000270
4,0.000270
5,0.000270
51,0.000270
51,0.000270
2,0.000271
256,0.000271
256,0.000271
3,0.000271
4096,0.000271
1,0.000272
51,0.000272
102,0.000273
203,0.000273
3,0.000273
406,0.000273
6,0.000273
1024,0.000274
1290,0.000274
13,0.000274
3,0.000274
323,0.000274
13,0.000275
13,0.000275
3,0.000275
323,0.000275
323,0.000275
406,0.000275
406,0.000275
64,0.000275
3,0.000276
3251,0.000276
5,0.000276
64,0.000276
645,0.000276
813,0.000276
1,0.000277
32,0.000277
102,0.000278
2048,0.000278
102,0.000279
16,0.000279
2048,0.000279
256,0.000279
51,0.000279
512,0.000279
6,0.000279
813,0.000279
10,0.000280
1,0.000280
20,0.000280
2,0.000280
3251,0.000280
5,0.000280
2,0.000281
2,0.000281
3,0.000281
323,0.000281
406,0.000281
5,0.000281
512,0.000281
645,0.000281
161,0.000282
161,0.000282
323,0.000282
323,0.000282
406,0.000282
10,0.000283
1290,0.000283
20,0.000283
2,0.000283
256,0.000283
4,0.000283
51,0.000283
512,0.000283
64,0.000283
1290,0.000284
1,0.000285
2,0.000285
64,0.000285
81,0.000285
102,0.000286
2,0.000286
256,0.000286
406,0.000286
1,0.000287
1290,0.000287
2,0.000287
203,0.000287
323,0.000287
4,0.000287
406,0.000287
406,0.000287
64,0.000287
645,0.000287
20,0.000288
256,0.000288
2580,0.000288
3,0.000288
1024,0.000289
2,0.000289
256,0.000289
32,0.000289
323,0.000289
102,0.000290
1625,0.000290
2,0.000290
323,0.000290
323,0.000290
64,0.000290
102,0.000291
3,0.000291
3,0.000291
323,0.000291
4096,0.000291
5,0.000291
81,0.000291
161,0.000292
2048,0.000292
323,0.000292
406,0.000292
2048,0.000293
323,0.000293
323,0.000293
3251,0.000293
4096,0.000293
5,0.000293
10,0.000294
1024,0.000294
20,0.000294
25,0.000294
256,0.000294
3,0.000294
323,0.000294
81,0.000294
2,0.000295
203,0.000295
2580,0.000295
3251,0.000295
5161,0.000295
645,0.000295
645,0.000295
1,0.000296
1024,0.000296
161,0.000296
3251,0.000296
4096,0.000296
81,0.000296
102,0.000297
128,0.000297
1625,0.000297
5161,0.000297
813,0.000297
1024,0.000298
1290,0.000298
1625,0.000298
645,0.000298
2048,0.000299
256,0.000299
40,0.000299
406,0.000299
512,0.000299
5161,0.000299
1,0.000300
102,0.000300
2,0.000300
256,0.000300
32,0.000300
323,0.000300
40,0.000300
5,0.000300
512,0.000300
512,0.000300
645,0.000300
102,0.000301
1024,0.000301
161,0.000301
2580,0.000301
3,0.000301
3,0.000301
32,0.000301
323,0.000301
40,0.000301
512,0.000301
6502,0.000301
2,0.000302
1,0.000303
13,0.000303
161,0.000303
20,0.000303
2580,0.000303
323,0.000303
3251,0.000303
5,0.000303
512,0.000303
6502,0.000303
1024,0.000304
256,0.000304
3,0.000304
512,0.000304
1,0.000305
13,0.000305
1625,0.000305
2048,0.000305
3,0.000305
3,0.000305
40,0.000305
5161,0.000305
81,0.000305
813,0.000305
813,0.000305
102,0.000306
16,0.000306
256,0.000306
2580,0.000306
3,0.000306
512,0.000306
81,0.000306
102,0.000307
1024,0.000307
1290,0.000307
1290,0.000307
16,0.000307
256,0.000307
323,0.000307
1290,0.000308
13,0.000308
1625,0.000308
2,0.000308
2580,0.000308
32,0.000308
323,0.000308
4,0.000308
51,0.000308
512,0.000308
10,0.000309
1290,0.000309
1625,0.000309
2,0.000309
323,0.000309
1290,0.000310
1625,0.000310
2048,0.000310
102,0.000311
1024,0.000311
6,0.000311
8,0.000311
8,0.000311
813,0.000311
16,0.000312
2,0.000312
32,0.000312
1,0.000313
16,0.000313
2048,0.000313
323,0.000313
3251,0.000313
3251,0.000313
5161,0.000313
1,0.000314
1,0.000314
128,0.000314
3,0.000314
323,0.000314
64,0.000314
102,0.000315
161,0.000315
161,0.000315
3251,0.000315
8,0.000315
1024,0.000316
2048,0.000316
2048,0.000316
2580,0.000316
40,0.000316
645,0.000316
6502,0.000316
1290,0.000317
1625,0.000317
1625,0.000317
203,0.000317
323,0.000317
645,0.000317
1290,0.000318
1625,0.000318
1625,0.000318
2048,0.000318
2048,0.000318
2580,0.000318
2580,0.000318
3,0.000318
3,0.000318
3251,0.000318
406,0.000318
406,0.000318
4096,0.000318
4096,0.000318
512,0.000318
813,0.000318
1290,0.000319
1625,0.000319
2,0.000319
3251,0.000319
1,0.000320
203,0.000320
3,0.000320
323,0.000320
323,0.000320
3251,0.000320
512,0.000320
8,0.000320
1,0.000321
161,0.000321
256,0.000321
2580,0.000321
3,0.000321
3251,0.000321
4,0.000321
645,0.000321
10,0.000322
323,0.000322
512,0.000322
645,0.000322
6502,0.000322
161,0.000323
256,0.000323
81,0.000323
2580,0.000324
40,0.000324
406,0.000324
406,0.000324
813,0.000324
1,0.000325
2048,0.000325
3,0.000325
6502,0.000325
10,0.000326
20,0.000326
2048,0.000326
2048,0.000326
4096,0.000326
128,0.000327
1625,0.000327
2580,0.000327
406,0.000327
8192,0.000327
1290,0.000328
161,0.000328
3,0.000328
323,0.000328
3251,0.000328
645,0.000328
645,0.000328
406,0.000329
512,0.000329
512,0.000329
645,0.000329
16,0.000330
2048,0.000330
2048,0.000330
2580,0.000330
32,0.000330
3251,0.000330
4096,0.000330
645,0.000330
81,0.000330
813,0.000330
25,0.000331
256,0.000331
2580,0.000331
2580,0.000331
512,0.000331
1,0.000332
1,0.000332
2048,0.000332
256,0.000332
81,0.000332
1,0.000333
1625,0.000333
16384,0.000333
2048,0.000333
2048,0.000333
2580,0.000333
4096,0.000333
5161,0.000333
6,0.000333
1625,0.000334
1625,0.000334
32,0.000334
4096,0.000334
323,0.000335
3251,0.000335
512,0.000335
8192,0.000335
1,0.000336
1024,0.000336
256,0.000336
2580,0.000336
5161,0.000336
1290,0.000337
3251,0.000337
5,0.000337
645,0.000337
6502,0.000337
8,0.000337
1,0.000338
1024,0.000338
1625,0.000338
2048,0.000338
2580,0.000338
6,0.000338
645,0.000338
2,0.000339
2,0.000339
2580,0.000339
64,0.000339
1,0.000340
1290,0.000340
13004,0.000340
32,0.000340
323,0.000340
323,0.000340
6502,0.000340
16,0.000341
64,0.000341
10,0.000342
2,0.000342
203,0.000342
2580,0.000342
32,0.000342
5161,0.000342
645,0.000342
1290,0.000343
161,0.000343
1625,0.000343
3251,0.000343
4096,0.000343
6502,0.000343
2048,0.000344
406,0.000344
1625,0.000345
4096,0.000345
1290,0.000346
256,0.000346
1625,0.000347
1625,0.000347
323,0.000347
4096,0.000347
64,0.000347
256,0.000348
813,0.000348
2580,0.000349
4096,0.000349
645,0.000349
6502,0.000349
1024,0.000350
1625,0.000350
256,0.000350
4096,0.000350
5161,0.000350
5161,0.000350
10,0.000351
1024,0.000351
161,0.000351
3251,0.000351
5161,0.000351
1625,0.000352
512,0.000352
8192,0.000352
5161,0.000353
6,0.000353
1024,0.000354
2580,0.000354
323,0.000354
323,0.000354
3251,0.000355
64,0.000355
813,0.000355
102,0.000356
1024,0.000356
25,0.000356
203,0.000357
81,0.000357
1024,0.000358
1290,0.000358
2048,0.000358
3251,0.000358
6502,0.000358
8192,0.000358
323,0.000359
3251,0.000359
512,0.000359
512,0.000360
1024,0.000362
20,0.000362
3251,0.000362
5161,0.000363
8,0.000363
1625,0.000364
6502,0.000364
8192,0.000364
1625,0.000365
6502,0.000365
1625,0.000366
256,0.000366
4,0.000366
5161,0.000366
1024,0.000367
2048,0.000367
323,0.000367
1290,0.000368
1625,0.000368
8192,0.000368
1625,0.000369
2,0.000369
81,0.000369
1024,0.000370
1625,0.000370
3,0.000370
6502,0.000371
1,0.000373
1024,0.000373
1290,0.000373
5161,0.000373
5161,0.000373
81,0.000373
5161,0.000374
5161,0.000374
8192,0.000374
1290,0.000375
4,0.000376
406,0.000376
8192,0.000376
8192,0.000376
2048,0.000377
6502,0.000377
813,0.000377
10321,0.000378
128,0.000378
813,0.000378
2,0.000379
1024,0.000381
8192,0.000381
1625,0.000383
6502,0.000384
13004,0.000385
5161,0.000385
8192,0.000385
8192,0.000385
1,0.000387
3251,0.000387
6502,0.000387
8192,0.000388
2580,0.000390
1024,0.000391
1625,0.000392
2048,0.000392
81,0.000393
128,0.000395
8192,0.000396
5161,0.000397
3251,0.000398
4096,0.000398
8,0.000398
1,0.000399
10321,0.000399
2048,0.000399
3251,0.000399
4096,0.000402
16,0.000403
10321,0.000404
13004,0.000404
2580,0.000404
1625,0.000406
4096,0.000407
6502,0.000407
1024,0.000408
10321,0.000408
13004,0.000408
1625,0.000408
1290,0.000410
5161,0.000410
6502,0.000410
8192,0.000410
5161,0.000411
10321,0.000412
16384,0.000412
6502,0.000412
2580,0.000413
8192,0.000413
13004,0.000414
6502,0.000414
4096,0.000415
51,0.000418
8192,0.000418
5161,0.000419
3251,0.000420
8192,0.000420
5161,0.000422
6502,0.000422
13004,0.000423
13004,0.000424
2048,0.000424
2580,0.000425
5161,0.000426
8192,0.000427
16384,0.000428
16384,0.000429
4096,0.000429
6502,0.000429
6502,0.000430
6502,0.000431
5161,0.000432
323,0.000434
10321,0.000435
6502,0.000435
6502,0.000436
6502,0.000439
3251,0.000440
5161,0.000441
10321,0.000442
26008,0.000444
256,0.000445
3251,0.000447
8192,0.000447
10321,0.000450
323,0.000450
6502,0.000452
5161,0.000456
13004,0.000457
13004,0.000458
16384,0.000458
10321,0.000461
16384,0.000461
3,0.000461
13004,0.000462
10321,0.000463
13004,0.000463
5161,0.000463
6502,0.000463
10321,0.000464
6502,0.000464
10321,0.000467
5161,0.000467
8192,0.000467
13004,0.000468
10321,0.000471
10321,0.000473
10321,0.000475
13004,0.000478
10321,0.000481
10321,0.000484
8192,0.000485
20643,0.000486
10321,0.000487
10321,0.000489
323,0.000493
1625,0.000495
13004,0.000496
26008,0.000498
1290,0.000499
8192,0.000501
20643,0.000504
3251,0.000505
8192,0.000505
2,0.000506
20643,0.000507
16384,0.000508
20643,0.000510
8192,0.000510
10321,0.000511
1625,0.000513
16384,0.000513
10321,0.000514
20643,0.000515
20643,0.000516
3251,0.000517
13004,0.000522
13004,0.000523
8192,0.000525
13004,0.000526
13004,0.000526
16384,0.000526
16384,0.000527
32,0.000527
32768,0.000528
20643,0.000529
20643,0.000529
8192,0.000530
16384,0.000532
3,0.000538
13004,0.000539
6502,0.000541
13004,0.000547
20643,0.000547
10321,0.000550
16384,0.000555
128,0.000560
13004,0.000560
13004,0.000560
16384,0.000566
20643,0.000568
16384,0.000571
16384,0.000571
10321,0.000574
13004,0.000575
20643,0.000576
10321,0.000577
26008,0.000579
20643,0.000584
2,0.000597
26008,0.000598
26008,0.000599
20643,0.000600
26008,0.000600
8192,0.000608
16384,0.000609
16384,0.000609
16384,0.000616
20643,0.000617
20643,0.000626
10321,0.000630
16384,0.000634
10321,0.000638
10321,0.000645
20643,0.000649
32768,0.000649
16384,0.000652
32768,0.000652
32768,0.000653
26008,0.000656
26008,0.000656
16384,0.000666
26008,0.000667
20643,0.000669
5161,0.000675
32768,0.000677
26008,0.000681
16384,0.000688
8192,0.000688
41285,0.000689
813,0.000693
16384,0.000696
32768,0.000696
16384,0.000697
20643,0.000703
20643,0.000706
26008,0.000708
32768,0.000708
8192,0.000708
32768,0.000714
32768,0.000715
16384,0.000721
2580,0.000721
26008,0.000721
10321,0.000726
32768,0.000733
26008,0.000745
26008,0.000747
32768,0.000751
32768,0.000753
52016,0.000757
8192,0.000757
16384,0.000767
32768,0.000767
41285,0.000768
32768,0.000770
41285,0.000771
32768,0.000772
32768,0.000774
41285,0.000774
26008,0.000780
40,0.000785
32768,0.000787
32768,0.000791
26008,0.000793
41285,0.000795
41285,0.000795
26008,0.000801
26008,0.000805
26008,0.000808
32768,0.000808
41285,0.000808
32768,0.000813
16384,0.000820
20643,0.000822
32768,0.000824
20643,0.000828
32768,0.000832
32768,0.000835
32768,0.000838
26008,0.000839
26008,0.000842
41285,0.000846
41285,0.000848
26008,0.000856
32768,0.000857
52016,0.000868
32768,0.000876
32768,0.000878
41285,0.000880
41285,0.000883
32768,0.000893
32768,0.000895
26008,0.000897
4,0.000898
26008,0.000900
32768,0.000901
65536,0.000911
52016,0.000912
52016,0.000912
26008,0.000916
32768,0.000931
52016,0.000935
26008,0.000936
65536,0.000939
41285,0.000941
52016,0.000942
52016,0.000957
41285,0.000959
32768,0.000966
41285,0.000966
41285,0.000983
52016,0.000983
52016,0.000986
32768,0.000987
41285,0.000987
52016,0.000987
65536,0.000995
52016,0.001000
65536,0.001001
41285,0.001002
52016,0.001005
26008,0.001007
41285,0.001009
26008,0.001028
65536,0.001034
26008,0.001039
52016,0.001042
65536,0.001046
41285,0.001050
41285,0.001056
65536,0.001065
32768,0.001067
41285,0.001068
65536,0.001070
32768,0.001075
20643,0.001089
41285,0.001100
41285,0.001145
52016,0.001150
41285,0.001151
41285,0.001154
52016,0.001166
65536,0.001175
65536,0.001186
104032,0.001215
52016,0.001216
65536,0.001227
52016,0.001233
82570,0.001239
82570,0.001267
65536,0.001268
82570,0.001270
82570,0.001278
52016,0.001279
82570,0.001280
65536,0.001284
52016,0.001302
65536,0.001307
82570,0.001307
104032,0.001331
65536,0.001335
82570,0.001335
65536,0.001336
82570,0.001342
104032,0.001344
65536,0.001349
82570,0.001352
65536,0.001384
52016,0.001387
65536,0.001391
104032,0.001403
104032,0.001413
131072,0.001415
52016,0.001424
104032,0.001425
65536,0.001436
104032,0.001437
104032,0.001443
104032,0.001450
104032,0.001451
82570,0.001476
131072,0.001477
65536,0.001479
82570,0.001481
104032,0.001485
52016,0.001487
104032,0.001488
82570,0.001490
104032,0.001501
104032,0.001502
104032,0.001503
104032,0.001508
65536,0.001512
104032,0.001519
65536,0.001522
82570,0.001523
104032,0.001534
104032,0.001534
82570,0.001538
82570,0.001541
104032,0.001543
104032,0.001547
82570,0.001554
82570,0.001554
82570,0.001559
82570,0.001559
104032,0.001568
104032,0.001574
82570,0.001581
82570,0.001585
82570,0.001594
82570,0.001604
104032,0.001627
82570,0.001628
82570,0.001639
65536,0.001648
104032,0.001659
131072,0.001684
82570,0.001700
104032,0.001701
104032,0.001705
104032,0.001715
104032,0.001718
131072,0.001746
82570,0.001749
131072,0.001755
131072,0.001760
3251,0.001778
131072,0.001781
131072,0.001786
131072,0.001793
52016,0.001813
131072,0.001816
104032,0.001820
104032,0.001823
131072,0.001833
131072,0.001840
52016,0.001841
131072,0.001845
131072,0.001852
131072,0.001869
82570,0.001871
131072,0.001887
131072,0.001892
131072,0.001895
131072,0.001915
104032,0.001917
165140,0.001929
165140,0.001930
131072,0.001931
52016,0.001940
131072,0.001947
165140,0.001968
165140,0.001979
165140,0.001995
165140,0.002041
165140,0.002082
131072,0.002088
165140,0.002109
165140,0.002126
131072,0.002142
82570,0.002160
104032,0.002168
165140,0.002193
104032,0.002204
208064,0.002206
165140,0.002254
104032,0.002272
165140,0.002272
208064,0.002297
131072,0.002313
165140,0.002324
165140,0.002356
208064,0.002359
165140,0.002366
208064,0.002403
165140,0.002441
165140,0.002443
208064,0.002452
208064,0.002465
131072,0.002477
208064,0.002482
208064,0.002484
208064,0.002490
165140,0.002493
208064,0.002515
208064,0.002523
208064,0.002551
208064,0.002556
208064,0.002559
208064,0.002561
208064,0.002569
208064,0.002570
208064,0.002593
208064,0.002595
208064,0.002595
208064,0.002604
208064,0.002616
165140,0.002654
208064,0.002654
208064,0.002654
208064,0.002667
208064,0.002667
208064,0.002707
208064,0.002707
165140,0.002711
82570,0.002747
262144,0.002762
208064,0.002781
208064,0.002794
208064,0.002801
262144,0.002809
208064,0.002819
262144,0.002837
262144,0.002859
262144,0.002860
208064,0.002889
208064,0.002903
262144,0.002914
262144,0.002915
41285,0.002915
52016,0.002916
262144,0.002932
262144,0.002938
262144,0.002947
262144,0.002963
262144,0.002967
262144,0.002971
262144,0.002997
262144,0.003005
262144,0.003028
262144,0.003049
262144,0.003060
262144,0.003083
262144,0.003085
262144,0.003121
262144,0.003154
131072,0.003163
262144,0.003173
262144,0.003216
131072,0.003225
330281,0.003238
208064,0.003268
262144,0.003301
330281,0.003301
330281,0.003358
330281,0.003367
330281,0.003375
330281,0.003395
330281,0.003397
330281,0.003421
262144,0.003433
330281,0.003467
330281,0.003480
26008,0.003530
330281,0.003541
330281,0.003554
330281,0.003558
330281,0.003563
330281,0.003574
330281,0.003577
208064,0.003579
330281,0.003583
330281,0.003586
330281,0.003591
262144,0.003599
330281,0.003618
330281,0.003630
330281,0.003663
330281,0.003726
330281,0.003744
330281,0.003773
330281,0.003778
330281,0.003810
262144,0.003844
330281,0.003849
330281,0.003851
330281,0.003872
330281,0.003981
416128,0.004075
330281,0.004114
416128,0.004130
416128,0.004137
416128,0.004146
416128,0.004156
416128,0.004186
416128,0.004244
416128,0.004281
416128,0.004289
416128,0.004300
416128,0.004301
416128,0.004308
416128,0.004337
416128,0.004384
416128,0.004410
416128,0.004419
330281,0.004430
416128,0.004466
416128,0.004476
416128,0.004490
330281,0.004494
416128,0.004502
104032,0.004517
416128,0.004532
416128,0.004540
416128,0.004557
416128,0.004570
416128,0.004587
416128,0.004602
208064,0.004644
416128,0.004698
131072,0.004724
416128,0.004763
330281,0.004872
416128,0.004934
524288,0.004970
524288,0.004983
524288,0.004983
524288,0.005017
524288,0.005021
524288,0.005025
524288,0.005031
524288,0.005044
416128,0.005045
524288,0.005062
262144,0.005088
524288,0.005088
524288,0.005090
524288,0.005097
524288,0.005126
524288,0.005131
262144,0.005195
524288,0.005251
416128,0.005270
524288,0.005270
524288,0.005277
104032,0.005278
524288,0.005311
524288,0.005332
524288,0.005340
524288,0.005346
524288,0.005435
524288,0.005453
524288,0.005464
524288,0.005468
524288,0.005480
524288,0.005537
524288,0.005644
524288,0.005653
165140,0.005798
660561,0.005959
660561,0.006069
660561,0.006171
660561,0.006257
660561,0.006276
660561,0.006322
660561,0.006326
660561,0.006334
660561,0.006370
660561,0.006395
660561,0.006402
660561,0.006414
524288,0.006421
660561,0.006423
660561,0.006445
660561,0.006448
660561,0.006454
660561,0.006462
660561,0.006466
660561,0.006483
660561,0.006485
660561,0.006502
660561,0.006512
660561,0.006650
262144,0.006710
660561,0.006718
660561,0.006993
524288,0.007004
660561,0.007468
832255,0.007470
832255,0.007574
832255,0.007606
832255,0.007619
832255,0.007661
832255,0.007662
832255,0.007695
832255,0.007706
832255,0.007755
832255,0.007761
832255,0.007796
832255,0.007832
832255,0.007834
832255,0.007850
832255,0.007852
832255,0.007860
832255,0.007883
832255,0.007988
832255,0.008013
832255,0.008018
832255,0.008040
832255,0.008065
832255,0.008073
832255,0.008084
832255,0.008218
832255,0.008286
416128,0.008505
832255,0.008771
832255,0.009069
832255,0.009353
1048576,0.009403
416128,0.009491
1048576,0.009515
1048576,0.009535
1048576,0.009556
1048576,0.009558
1048576,0.009572
1048576,0.009611
1048576,0.009620
1048576,0.009657
1048576,0.009690
1048576,0.009704
1048576,0.009706
1048576,0.009730
1048576,0.009737
1048576,0.009740
1048576,0.009740
1048576,0.009741
1048576,0.009790
1048576,0.009801
1048576,0.009822
1048576,0.009878
1048576,0.009885
1048576,0.009890
1048576,0.009937
262144,0.009997
1048576,0.010015
1048576,0.010038
1048576,0.010063
1048576,0.010247
1048576,0.010333
660561,0.010451
1048576,0.010603
1048576,0.011118
660561,0.011387
1048576,0.011657
660561,0.011765
1321123,0.011846
1321123,0.011852
1321123,0.011886
1321123,0.011930
1321123,0.011936
1321123,0.011936
1321123,0.011957
1321123,0.011983
1321123,0.011991
1321123,0.012000
1321123,0.012033
1321123,0.012038
1321123,0.012067
660561,0.012122
1321123,0.012147
1321123,0.012218
524288,0.012243
1321123,0.012389
1321123,0.012473
660561,0.012524
1321123,0.013136
1321123,0.013203
1321123,0.013457
660561,0.013643
1664511,0.014755
1664511,0.014773
1664511,0.014804
1664511,0.014817
1664511,0.014835
1664511,0.014856
1664511,0.014874
1321123,0.014880
1664511,0.014901
1664511,0.014921
1664511,0.014932
1664511,0.014988
1664511,0.015008
832255,0.015055
1664511,0.015062
1664511,0.015095
1664511,0.015102
1664511,0.015107
1664511,0.015112
1664511,0.015115
1664511,0.015117
1664511,0.015124
1664511,0.015173
1048576,0.015192
1664511,0.015196
1664511,0.015205
1664511,0.015238
1664511,0.015255
1664511,0.015295
1664511,0.015304
660561,0.015581
1664511,0.015598
1664511,0.015608
1664511,0.015611
1664511,0.015789
1664511,0.016047
660561,0.016234
1664511,0.016252
1048576,0.016755
660561,0.016973
1664511,0.017029
1664511,0.017382
1664511,0.017458
832255,0.017719
2097152,0.018325
2097152,0.018418
2097152,0.018606
2097152,0.018640
2097152,0.018713
2097152,0.018715
2097152,0.018724
2097152,0.018738
2097152,0.018769
2097152,0.018816
2097152,0.018822
2097152,0.018835
2097152,0.018857
2097152,0.018894
2097152,0.018956
2097152,0.018972
1664511,0.019119
2097152,0.019184
2097152,0.019263
2097152,0.019455
1048576,0.019721
2097152,0.019894
1664511,0.019977
2097152,0.020069
1321123,0.020894
2097152,0.021541
660561,0.021714
2642246,0.022891
2642246,0.023016
2642246,0.023044
2097152,0.023070
2642246,0.023127
2642246,0.023200
2642246,0.023224
2642246,0.023273
2642246,0.023280
2642246,0.023289
2642246,0.023304
2642246,0.023319
2642246,0.023342
2642246,0.023378
2642246,0.023387
2642246,0.023411
2642246,0.023442
2642246,0.023453
2642246,0.023461
2642246,0.023498
1048576,0.023668
2642246,0.023819
330281,0.023856
2642246,0.024017
2642246,0.024150
2097152,0.024156
2642246,0.024373
2642246,0.024460
2642246,0.024576
1048576,0.024787
2642246,0.025115
2642246,0.025119
2097152,0.026908
2642246,0.027345
2097152,0.027726
2097152,0.027811
1321123,0.027889
2642246,0.028239
1664511,0.029599
1664511,0.030906
1664511,0.031245
1664511,0.034146
2642246,0.034580
2642246,0.034611
2097152,0.039784
2097152,0.040328
2642246,0.044381
2642246,0.044963
203,0.208185
26008,0.222349
