25000,0.000683
50000,0.001028
75000,0.001288
100000,0.001614
125000,0.001838
150000,0.0020425
175000,0.00236
200000,0.002434
225000,0.0028894999999999997
250000,0.002986
275000,0.003344
300000,0.003364
350000,0.0038009999999999997
325000,0.003851
375000,0.004006
450000,0.004396
425000,0.004548
400000,0.0046455
500000,0.0050475
475000,0.005112
525000,0.0053145
575000,0.0055945000000000005
550000,0.005816999999999999
600000,0.0058315
625000,0.006152
650000,0.006369
700000,0.006652
675000,0.006689
725000,0.007115
750000,0.0071625
800000,0.007761
775000,0.007793
900000,0.008563999999999999
875000,0.00862
950000,0.0089435
825000,0.009298
1000000,0.009483
1025000,0.009566
975000,0.0098615
1100000,0.010086
1050000,0.010124
850000,0.01041
1150000,0.01076
1250000,0.011368
1225000,0.01137
1300000,0.011981
1175000,0.012307
1125000,0.012366
1325000,0.012611
1375000,0.012867
1350000,0.012959
1200000,0.0131305
1425000,0.013185
1475000,0.0132235
1525000,0.013863
1400000,0.013881000000000001
1450000,0.0141195
1275000,0.0141855
925000,0.014284
1575000,0.014367
1500000,0.01469
1625000,0.014701
1675000,0.015161
1600000,0.015489
1550000,0.0154895
1650000,0.01565
1775000,0.0159995
1800000,0.016386
1700000,0.016494
1850000,0.016542
1825000,0.0167565
1875000,0.017018
1925000,0.01716
1950000,0.0175265
1975000,0.01824
2050000,0.018812
2000000,0.018835
2150000,0.019488
2100000,0.0197435
2225000,0.019993999999999998
2125000,0.020162
2325000,0.020615
2300000,0.0210385
2350000,0.021058
2200000,0.0211325
2175000,0.021179
2275000,0.02126
2375000,0.021486
1075000,0.0215
1900000,0.021535
2475000,0.022202
2500000,0.022537
2550000,0.0228235
1725000,0.0236175
1750000,0.023796
2425000,0.024045
2025000,0.0243385
2675000,0.024748
2750000,0.024760499999999998
2700000,0.0257365
2925000,0.0259935
2950000,0.026328
2975000,0.0264005
2900000,0.0269645
2875000,0.027141
3100000,0.027474
3150000,0.027997
2725000,0.028263
3075000,0.028443999999999997
3250000,0.028572
3125000,0.0287735
3175000,0.028874
2775000,0.029199
3225000,0.029274
3050000,0.029519
3350000,0.029655
2250000,0.029778
2400000,0.029783999999999998
3325000,0.0298845
3375000,0.0300775
3425000,0.030223
2625000,0.0302765
2525000,0.030663999999999997
3450000,0.030720499999999998
3525000,0.031084
2575000,0.031228
3475000,0.031827
3575000,0.032064
3200000,0.0321765
3550000,0.032268
2600000,0.032332
3675000,0.032352
3650000,0.032363
3700000,0.032441
2825000,0.032804
2850000,0.0328325
2450000,0.033138
3025000,0.0334035
3825000,0.033662
3950000,0.034493499999999996
3625000,0.034585
3850000,0.035217
4000000,0.035469
3725000,0.035604
4050000,0.036109
3975000,0.036526
4125000,0.0365775
4225000,0.0370025
4200000,0.037168999999999994
4075000,0.037331500000000004
2075000,0.037519
3000000,0.0376335
4275000,0.037703
4025000,0.037764000000000006
4350000,0.038012000000000004
3925000,0.0381345
3775000,0.0382605
4325000,0.038278
4400000,0.038664
4300000,0.038847
4450000,0.0390275
4425000,0.039059
4175000,0.039179
4525000,0.039625
3275000,0.039923
2650000,0.040037
4625000,0.040626
4375000,0.041772
3750000,0.041949
4800000,0.042308
4775000,0.0428855
4600000,0.042924
2800000,0.043095
4700000,0.043098
4950000,0.043133
3300000,0.0436465
4825000,0.04391
4925000,0.044196
5000000,0.044470499999999996
3600000,0.045347
3875000,0.045897499999999994
4500000,0.051501000000000005
4150000,0.052336
4475000,0.052565
4675000,0.053026000000000004
3400000,0.053955
3800000,0.054165
4850000,0.056852
4550000,0.057574
3500000,0.059529
3900000,0.059744
4575000,0.062115000000000004
4250000,0.067597
4100000,0.069938
4650000,0.071875
4750000,0.0754715
4875000,0.07795
4725000,0.09128700000000001
4900000,0.098529
4975000,0.136922
