25000,0.000593
25000,0.000618
25000,0.000644
25000,0.000662
25000,0.000683
25000,0.000704
25000,0.000729
25000,0.000732
25000,0.000746
50000,0.000831
75000,0.000845
50000,0.000906
50000,0.000919
50000,0.001023
50000,0.001028
50000,0.001050
50000,0.001056
50000,0.001078
75000,0.001175
75000,0.001186
75000,0.001233
75000,0.001236
75000,0.001238
50000,0.001266
75000,0.001288
75000,0.001299
75000,0.001312
75000,0.001389
100000,0.001397
100000,0.001407
100000,0.001419
75000,0.001425
125000,0.001432
100000,0.001546
75000,0.001597
100000,0.001614
100000,0.001726
125000,0.001727
75000,0.001744
125000,0.001780
125000,0.001787
100000,0.001796
125000,0.001799
150000,0.001827
100000,0.001855
125000,0.001877
100000,0.001905
125000,0.001916
150000,0.001937
150000,0.001942
150000,0.001955
125000,0.001969
125000,0.001999
150000,0.002000
125000,0.002019
150000,0.002036
150000,0.002049
150000,0.002051
150000,0.002055
150000,0.002061
175000,0.002112
200000,0.002183
175000,0.002197
200000,0.002222
175000,0.002250
200000,0.002265
150000,0.002272
175000,0.002312
200000,0.002336
175000,0.002360
200000,0.002418
175000,0.002424
200000,0.002428
200000,0.002440
200000,0.002524
175000,0.002526
250000,0.002532
200000,0.002566
200000,0.002571
200000,0.002617
150000,0.002648
250000,0.002699
250000,0.002736
250000,0.002739
225000,0.002768
200000,0.002829
250000,0.002899
275000,0.002970
250000,0.002986
225000,0.003011
250000,0.003093
250000,0.003094
300000,0.003096
250000,0.003107
275000,0.003123
300000,0.003242
250000,0.003271
300000,0.003273
325000,0.003275
275000,0.003318
275000,0.003344
300000,0.003349
300000,0.003364
275000,0.003391
300000,0.003465
275000,0.003471
350000,0.003479
275000,0.003532
250000,0.003539
300000,0.003569
350000,0.003579
350000,0.003668
375000,0.003680
350000,0.003691
350000,0.003717
400000,0.003735
300000,0.003756
350000,0.003786
325000,0.003812
350000,0.003816
350000,0.003827
300000,0.003835
325000,0.003890
375000,0.003923
400000,0.003945
375000,0.003959
175000,0.003988
175000,0.003998
375000,0.004053
350000,0.004056
375000,0.004159
325000,0.004164
425000,0.004217
450000,0.004221
400000,0.004232
450000,0.004245
400000,0.004254
425000,0.004283
425000,0.004299
450000,0.004333
425000,0.004352
350000,0.004394
450000,0.004396
350000,0.004463
425000,0.004497
425000,0.004599
475000,0.004717
475000,0.004722
475000,0.004729
450000,0.004763
450000,0.004765
475000,0.004775
450000,0.004780
500000,0.004833
475000,0.004843
500000,0.004891
500000,0.004944
500000,0.004953
475000,0.004982
500000,0.004988
500000,0.005012
400000,0.005037
475000,0.005040
525000,0.005065
500000,0.005083
525000,0.005089
500000,0.005101
400000,0.005106
475000,0.005106
475000,0.005112
475000,0.005140
525000,0.005181
500000,0.005182
400000,0.005216
525000,0.005284
525000,0.005295
475000,0.005315
525000,0.005334
475000,0.005392
525000,0.005403
500000,0.005427
575000,0.005461
550000,0.005474
525000,0.005478
575000,0.005486
525000,0.005533
600000,0.005660
575000,0.005703
600000,0.005757
600000,0.005792
625000,0.005805
600000,0.005813
625000,0.005826
600000,0.005850
600000,0.005852
625000,0.005949
625000,0.005959
650000,0.005965
625000,0.005999
650000,0.006007
625000,0.006020
625000,0.006152
650000,0.006157
550000,0.006160
625000,0.006169
600000,0.006186
475000,0.006288
650000,0.006299
650000,0.006311
650000,0.006331
625000,0.006350
650000,0.006369
625000,0.006384
675000,0.006384
675000,0.006430
625000,0.006433
650000,0.006441
650000,0.006463
675000,0.006491
700000,0.006510
700000,0.006521
700000,0.006545
700000,0.006583
700000,0.006639
700000,0.006652
675000,0.006662
675000,0.006689
475000,0.006840
650000,0.006842
700000,0.006870
725000,0.006890
750000,0.006910
750000,0.006964
700000,0.006966
725000,0.006968
750000,0.006982
775000,0.007026
750000,0.007045
675000,0.007075
725000,0.007115
750000,0.007120
500000,0.007122
775000,0.007133
775000,0.007144
750000,0.007205
725000,0.007257
375000,0.007281
775000,0.007288
675000,0.007353
675000,0.007388
750000,0.007437
800000,0.007466
775000,0.007554
775000,0.007572
800000,0.007620
825000,0.007627
750000,0.007630
800000,0.007644
800000,0.007652
800000,0.007655
800000,0.007761
700000,0.007773
775000,0.007793
825000,0.007813
800000,0.007821
700000,0.007837
850000,0.007855
850000,0.007857
650000,0.008021
850000,0.008055
800000,0.008089
875000,0.008105
850000,0.008122
850000,0.008150
750000,0.008158
725000,0.008160
875000,0.008178
875000,0.008181
850000,0.008193
800000,0.008223
875000,0.008223
900000,0.008314
825000,0.008315
875000,0.008338
425000,0.008375
825000,0.008382
875000,0.008426
925000,0.008433
900000,0.008472
900000,0.008478
925000,0.008587
875000,0.008620
900000,0.008650
875000,0.008669
950000,0.008713
950000,0.008734
950000,0.008818
950000,0.008841
850000,0.008909
950000,0.008927
950000,0.008927
975000,0.008947
950000,0.008960
900000,0.008992
950000,0.009119
1000000,0.009149
1000000,0.009229
1050000,0.009260
775000,0.009296
825000,0.009298
975000,0.009310
1025000,0.009351
1050000,0.009357
1000000,0.009389
975000,0.009406
1025000,0.009439
1050000,0.009480
1000000,0.009483
975000,0.009487
1025000,0.009512
1050000,0.009517
1025000,0.009566
950000,0.009626
1050000,0.009679
875000,0.009701
1050000,0.009819
950000,0.009822
1050000,0.009900
875000,0.009910
1000000,0.009926
1075000,0.009946
1100000,0.010027
1025000,0.010062
1100000,0.010063
1100000,0.010086
1050000,0.010124
1125000,0.010227
975000,0.010236
1150000,0.010239
1025000,0.010306
1125000,0.010367
1100000,0.010377
850000,0.010410
1125000,0.010411
875000,0.010417
1125000,0.010462
775000,0.010479
1150000,0.010546
1050000,0.010568
1175000,0.010740
1175000,0.010754
1150000,0.010760
1175000,0.010822
1175000,0.010896
1075000,0.011002
1225000,0.011082
1225000,0.011125
1225000,0.011126
925000,0.011184
1250000,0.011198
1250000,0.011214
1200000,0.011217
1125000,0.011218
1225000,0.011225
1250000,0.011271
1250000,0.011308
1275000,0.011316
1200000,0.011340
1050000,0.011357
1250000,0.011368
1225000,0.011370
1225000,0.011372
1050000,0.011373
1175000,0.011416
1250000,0.011424
775000,0.011520
675000,0.011538
1250000,0.011553
825000,0.011568
1275000,0.011589
1300000,0.011594
1200000,0.011651
1175000,0.011659
1300000,0.011669
1300000,0.011687
950000,0.011730
425000,0.011744
1300000,0.011859
1350000,0.011873
1300000,0.011911
1250000,0.011948
1325000,0.011961
1300000,0.011981
1325000,0.011990
1300000,0.011994
800000,0.012114
1350000,0.012129
1375000,0.012258
1150000,0.012283
1175000,0.012307
1375000,0.012308
1125000,0.012366
1375000,0.012370
1375000,0.012388
1400000,0.012388
1350000,0.012410
1375000,0.012422
1400000,0.012481
1375000,0.012510
1200000,0.012567
1300000,0.012582
1325000,0.012611
1375000,0.012621
1375000,0.012636
1375000,0.012658
1400000,0.012693
1425000,0.012713
1400000,0.012807
1050000,0.012846
1425000,0.012863
1375000,0.012867
1125000,0.012873
1350000,0.012959
1425000,0.012978
1450000,0.013068
1275000,0.013101
1300000,0.013120
1475000,0.013128
1475000,0.013168
1425000,0.013185
1475000,0.013185
1325000,0.013199
1475000,0.013262
1375000,0.013288
1450000,0.013302
1350000,0.013342
1500000,0.013393
1450000,0.013402
1375000,0.013445
1450000,0.013481
1450000,0.013485
1450000,0.013497
1525000,0.013502
1475000,0.013524
1500000,0.013583
1525000,0.013583
1200000,0.013694
1525000,0.013700
1400000,0.013707
1500000,0.013719
1525000,0.013805
1525000,0.013863
1450000,0.013877
1550000,0.013954
1575000,0.014000
1575000,0.014005
1525000,0.014037
1550000,0.014045
1400000,0.014055
1625000,0.014231
1575000,0.014239
1550000,0.014268
925000,0.014284
1575000,0.014294
1525000,0.014310
1625000,0.014318
1575000,0.014324
1550000,0.014341
1450000,0.014362
1525000,0.014389
1575000,0.014410
1600000,0.014411
1450000,0.014417
1600000,0.014422
1650000,0.014577
1650000,0.014577
1600000,0.014621
1350000,0.014633
1550000,0.014646
1500000,0.014690
1625000,0.014698
1625000,0.014701
1600000,0.014714
1650000,0.014791
1425000,0.014794
1600000,0.014920
1675000,0.014950
1675000,0.015032
1675000,0.015037
1450000,0.015046
1600000,0.015060
1675000,0.015114
1600000,0.015123
1675000,0.015208
1650000,0.015215
1700000,0.015253
1275000,0.015270
1600000,0.015311
1725000,0.015324
1675000,0.015355
1700000,0.015385
1375000,0.015442
1725000,0.015493
1575000,0.015524
1750000,0.015549
1700000,0.015557
1000000,0.015561
1500000,0.015569
1500000,0.015582
700000,0.015588
425000,0.015617
1400000,0.015644
1650000,0.015650
1600000,0.015667
500000,0.015694
1775000,0.015773
475000,0.015786
1775000,0.015880
1775000,0.015893
775000,0.015898
1775000,0.015904
1700000,0.015944
1825000,0.015956
600000,0.015964
1800000,0.015994
1775000,0.016095
1800000,0.016096
1825000,0.016117
1850000,0.016147
1825000,0.016173
1800000,0.016248
1475000,0.016255
1825000,0.016270
1825000,0.016290
475000,0.016314
1550000,0.016333
775000,0.016367
1800000,0.016379
1800000,0.016393
1850000,0.016463
1800000,0.016469
1850000,0.016469
925000,0.016512
1775000,0.016515
1850000,0.016527
1850000,0.016532
1850000,0.016552
1850000,0.016571
1875000,0.016580
1850000,0.016630
1875000,0.016666
1825000,0.016718
1800000,0.016725
1875000,0.016784
1825000,0.016795
1900000,0.016811
1525000,0.016878
1825000,0.016916
1875000,0.016951
1925000,0.016968
1875000,0.016972
1950000,0.016989
1875000,0.017014
1875000,0.017022
1700000,0.017044
1925000,0.017092
1950000,0.017106
1925000,0.017122
1925000,0.017160
1900000,0.017266
1900000,0.017276
1950000,0.017361
1950000,0.017425
1950000,0.017480
1975000,0.017488
1750000,0.017490
1950000,0.017521
1950000,0.017532
1925000,0.017553
1825000,0.017621
1950000,0.017626
2000000,0.017659
1975000,0.017670
2000000,0.017705
1950000,0.017708
2000000,0.017796
625000,0.017873
2025000,0.018053
1975000,0.018055
2050000,0.018072
825000,0.018089
1900000,0.018103
2050000,0.018176
2050000,0.018195
2050000,0.018229
1200000,0.018234
2025000,0.018245
2025000,0.018313
1125000,0.018355
2075000,0.018372
2075000,0.018401
2075000,0.018408
1975000,0.018425
2050000,0.018425
1150000,0.018439
1875000,0.018469
2050000,0.018469
975000,0.018481
2050000,0.018486
2075000,0.018498
2125000,0.018527
2125000,0.018567
1950000,0.018802
2000000,0.018835
2025000,0.018869
2125000,0.018871
2100000,0.018882
2075000,0.018923
1850000,0.018936
2075000,0.018936
2000000,0.018976
2100000,0.018986
2100000,0.019027
2175000,0.019080
2150000,0.019114
2175000,0.019117
2050000,0.019138
2175000,0.019181
2150000,0.019207
1925000,0.019236
2150000,0.019266
1825000,0.019287
2150000,0.019357
2175000,0.019387
2200000,0.019395
2150000,0.019421
2225000,0.019439
1950000,0.019453
825000,0.019455
2150000,0.019488
2100000,0.019498
2200000,0.019516
1725000,0.019553
2225000,0.019560
2050000,0.019574
1600000,0.019580
425000,0.019598
2200000,0.019637
2250000,0.019647
350000,0.019653
1075000,0.019667
2250000,0.019742
2200000,0.019779
2025000,0.019841
1100000,0.019877
525000,0.019885
850000,0.019885
2225000,0.019930
2200000,0.019932
475000,0.019933
2150000,0.019944
2250000,0.019975
2125000,0.019977
400000,0.019982
2100000,0.019989
875000,0.020018
2225000,0.020058
2125000,0.020162
2225000,0.020180
2300000,0.020207
1425000,0.020248
900000,0.020248
2275000,0.020302
2300000,0.020333
2325000,0.020351
2025000,0.020418
2300000,0.020432
2325000,0.020437
2175000,0.020523
1025000,0.020528
2300000,0.020531
2250000,0.020567
2325000,0.020567
1225000,0.020577
2250000,0.020600
2325000,0.020604
2350000,0.020605
2300000,0.020606
2325000,0.020615
1500000,0.020669
2350000,0.020685
2300000,0.020699
1300000,0.020735
2350000,0.020781
2350000,0.020805
2375000,0.020991
2350000,0.021007
2350000,0.021058
2200000,0.021083
2400000,0.021163
2200000,0.021182
2450000,0.021229
2275000,0.021260
2325000,0.021274
2400000,0.021319
2400000,0.021351
2300000,0.021378
2425000,0.021379
2425000,0.021388
650000,0.021397
2275000,0.021425
2425000,0.021472
2425000,0.021484
2375000,0.021486
2050000,0.021504
1900000,0.021535
2450000,0.021580
2425000,0.021635
2475000,0.021744
2450000,0.021830
2175000,0.021835
2450000,0.021842
2500000,0.022091
2400000,0.022171
2325000,0.022183
2475000,0.022202
2050000,0.022204
2550000,0.022204
2350000,0.022264
2500000,0.022395
2525000,0.022418
2500000,0.022422
2525000,0.022440
875000,0.022441
2425000,0.022443
2550000,0.022463
2575000,0.022482
2500000,0.022537
2550000,0.022573
2550000,0.022578
2600000,0.022623
2575000,0.022664
2550000,0.022678
2575000,0.022682
2575000,0.022686
2550000,0.022710
2450000,0.022721
1625000,0.022727
2575000,0.022794
2625000,0.022807
1750000,0.022827
2600000,0.022827
2300000,0.022845
2600000,0.022857
2350000,0.022893
2550000,0.022937
2600000,0.022990
2600000,0.023046
850000,0.023066
1975000,0.023112
1275000,0.023140
2550000,0.023146
2625000,0.023164
1400000,0.023189
2650000,0.023229
2650000,0.023263
2625000,0.023267
1075000,0.023333
2675000,0.023368
2525000,0.023447
2675000,0.023476
2700000,0.023489
2700000,0.023554
2600000,0.023583
2675000,0.023593
2700000,0.023705
1750000,0.023796
2675000,0.023879
1625000,0.023901
2750000,0.023974
1375000,0.024078
2750000,0.024169
2725000,0.024173
2725000,0.024185
2750000,0.024189
2775000,0.024326
2675000,0.024377
2775000,0.024403
2800000,0.024463
2625000,0.024472
2775000,0.024472
2775000,0.024638
2800000,0.024645
1175000,0.024687
1125000,0.024706
2700000,0.024803
2850000,0.024923
2875000,0.025092
2825000,0.025099
2300000,0.025113
2850000,0.025113
2675000,0.025119
1900000,0.025138
975000,0.025161
2675000,0.025218
2875000,0.025244
2875000,0.025281
1825000,0.025294
2875000,0.025320
2750000,0.025332
2700000,0.025363
575000,0.025465
2775000,0.025480
1375000,0.025549
2700000,0.025553
2925000,0.025566
2925000,0.025590
2425000,0.025647
2900000,0.025659
2900000,0.025661
2125000,0.025667
2975000,0.025717
2950000,0.025748
2950000,0.025851
1750000,0.025859
2900000,0.025868
2975000,0.025883
2950000,0.025907
2700000,0.025920
2925000,0.025940
2925000,0.025958
2700000,0.025993
2925000,0.026029
925000,0.026049
2975000,0.026080
2425000,0.026082
2975000,0.026193
3000000,0.026216
2975000,0.026277
3025000,0.026319
2950000,0.026328
3025000,0.026331
2725000,0.026380
3000000,0.026384
3000000,0.026404
2825000,0.026474
3025000,0.026481
2975000,0.026524
2900000,0.026562
2200000,0.026581
2825000,0.026591
3000000,0.026611
3025000,0.026615
3050000,0.026616
1650000,0.026619
1625000,0.026632
1575000,0.026711
3050000,0.026731
2975000,0.026733
3075000,0.026754
1375000,0.026761
3100000,0.026910
3075000,0.026939
2000000,0.027018
2150000,0.027047
3075000,0.027069
1550000,0.027089
3000000,0.027099
3025000,0.027106
2875000,0.027141
3100000,0.027156
1200000,0.027195
3100000,0.027205
3075000,0.027208
1375000,0.027220
3050000,0.027256
2950000,0.027269
2875000,0.027340
2900000,0.027367
1550000,0.027395
3150000,0.027402
3125000,0.027413
3150000,0.027418
3150000,0.027423
3075000,0.027433
2975000,0.027441
3150000,0.027537
3125000,0.027586
750000,0.027586
800000,0.027586
3150000,0.027603
3125000,0.027613
1725000,0.027682
3125000,0.027710
3150000,0.027726
3100000,0.027743
3075000,0.027755
2550000,0.027759
2575000,0.027791
2550000,0.027802
1700000,0.027804
3175000,0.027808
3175000,0.027878
3150000,0.027906
3175000,0.027907
3200000,0.027959
3175000,0.027966
2600000,0.027978
3150000,0.027997
3175000,0.028001
3175000,0.028002
3050000,0.028022
3200000,0.028099
3175000,0.028145
3200000,0.028173
3200000,0.028200
3225000,0.028221
3050000,0.028228
3225000,0.028249
2025000,0.028259
2725000,0.028263
3225000,0.028270
2700000,0.028279
3200000,0.028279
1875000,0.028347
1200000,0.028361
3225000,0.028399
3225000,0.028414
3225000,0.028428
1050000,0.028444
3150000,0.028453
1275000,0.028484
3300000,0.028512
650000,0.028517
3250000,0.028538
3125000,0.028553
3250000,0.028566
3250000,0.028572
850000,0.028599
3125000,0.028629
3275000,0.028652
3025000,0.028828
3300000,0.028901
3125000,0.028918
3325000,0.028951
2150000,0.028972
3075000,0.029133
3375000,0.029182
2775000,0.029199
3325000,0.029200
3375000,0.029257
3350000,0.029293
3350000,0.029296
2250000,0.029322
3375000,0.029356
3275000,0.029377
2400000,0.029397
3325000,0.029489
3350000,0.029535
3375000,0.029554
3175000,0.029603
3350000,0.029655
625000,0.029697
3375000,0.029716
3425000,0.029772
3425000,0.029854
2850000,0.029927
3425000,0.029940
3450000,0.030003
3425000,0.030006
3175000,0.030035
3450000,0.030059
3450000,0.030117
3225000,0.030120
1675000,0.030158
2400000,0.030171
3400000,0.030175
3425000,0.030187
3425000,0.030223
3450000,0.030223
2250000,0.030234
3325000,0.030280
3475000,0.030286
3500000,0.030294
3450000,0.030305
3075000,0.030319
3475000,0.030333
3375000,0.030439
1175000,0.030467
3175000,0.030470
3450000,0.030473
3450000,0.030484
3300000,0.030496
3475000,0.030500
3075000,0.030512
3475000,0.030527
3250000,0.030533
3425000,0.030569
3300000,0.030578
3525000,0.030630
3475000,0.030640
3525000,0.030644
1875000,0.030717
3525000,0.030757
2775000,0.030803
3050000,0.030810
3550000,0.030873
3550000,0.030882
3450000,0.030957
3550000,0.030959
3525000,0.030980
3550000,0.030995
3575000,0.031040
3450000,0.031053
3550000,0.031075
3525000,0.031084
3575000,0.031089
2175000,0.031096
775000,0.031110
3400000,0.031115
3500000,0.031127
3575000,0.031146
925000,0.031205
3375000,0.031210
1125000,0.031228
3575000,0.031241
3550000,0.031287
3550000,0.031300
2425000,0.031301
3575000,0.031360
3575000,0.031403
3525000,0.031417
825000,0.031435
3575000,0.031441
1175000,0.031528
850000,0.031551
3575000,0.031562
3600000,0.031578
3625000,0.031622
2200000,0.031654
3425000,0.031683
3625000,0.031684
3625000,0.031695
2125000,0.031699
3525000,0.031700
3600000,0.031703
3550000,0.031716
3550000,0.031725
3650000,0.031757
3650000,0.031767
1925000,0.031778
3150000,0.031779
3675000,0.031779
3650000,0.031791
3575000,0.031799
3600000,0.031800
3475000,0.031827
1000000,0.031842
1450000,0.031860
3600000,0.031938
3675000,0.031961
950000,0.032022
3650000,0.032039
3575000,0.032064
3700000,0.032065
3675000,0.032093
3675000,0.032106
2200000,0.032111
3650000,0.032152
3500000,0.032193
3675000,0.032264
3550000,0.032268
1550000,0.032278
3700000,0.032281
3575000,0.032305
3700000,0.032309
2600000,0.032332
3650000,0.032363
3475000,0.032399
3700000,0.032412
2050000,0.032422
3675000,0.032440
3700000,0.032440
3700000,0.032442
3450000,0.032492
2200000,0.032537
3750000,0.032541
3625000,0.032565
3725000,0.032587
3650000,0.032595
3625000,0.032644
3725000,0.032659
3700000,0.032663
3750000,0.032691
3575000,0.032727
3675000,0.032784
3750000,0.032785
3750000,0.032797
2825000,0.032804
3775000,0.032804
1375000,0.032805
3300000,0.032829
3700000,0.032915
3775000,0.032959
3550000,0.032960
3825000,0.033040
2875000,0.033046
2025000,0.033067
3125000,0.033069
3775000,0.033074
3800000,0.033111
3800000,0.033119
1175000,0.033166
3775000,0.033195
3825000,0.033221
3725000,0.033246
3800000,0.033270
3850000,0.033338
3850000,0.033358
2100000,0.033401
3600000,0.033419
3825000,0.033427
3825000,0.033442
3875000,0.033466
3825000,0.033520
3825000,0.033547
2725000,0.033553
3875000,0.033558
2425000,0.033592
1325000,0.033627
3850000,0.033656
3850000,0.033666
3825000,0.033777
3750000,0.033811
3875000,0.033815
3875000,0.033850
3900000,0.033864
3875000,0.033965
3800000,0.034009
3900000,0.034012
3725000,0.034016
3900000,0.034043
3925000,0.034174
3575000,0.034190
3900000,0.034195
3925000,0.034234
2550000,0.034343
3825000,0.034381
3800000,0.034383
2400000,0.034396
3950000,0.034424
3850000,0.034440
3950000,0.034462
3950000,0.034483
3925000,0.034485
3950000,0.034504
3975000,0.034517
3975000,0.034523
3725000,0.034554
3625000,0.034585
2575000,0.034665
3850000,0.034761
4025000,0.034802
2875000,0.034811
4000000,0.034817
4000000,0.034891
2375000,0.034930
4000000,0.034957
4000000,0.034965
4000000,0.035032
4000000,0.035052
1075000,0.035115
4025000,0.035177
1750000,0.035220
3875000,0.035234
3925000,0.035237
2875000,0.035241
4050000,0.035260
4075000,0.035370
4050000,0.035421
4025000,0.035441
2600000,0.035463
4000000,0.035469
4025000,0.035485
2300000,0.035503
4050000,0.035530
850000,0.035549
3700000,0.035555
3725000,0.035604
3975000,0.035619
4100000,0.035664
3850000,0.035673
1175000,0.035682
4125000,0.035704
2850000,0.035738
3825000,0.035756
4075000,0.035777
4125000,0.035787
4100000,0.035830
3975000,0.035851
3875000,0.035855
2725000,0.035914
4125000,0.035950
1050000,0.035997
4000000,0.036008
4150000,0.036014
4025000,0.036055
3200000,0.036074
2625000,0.036081
4050000,0.036109
1225000,0.036140
4125000,0.036142
4175000,0.036143
2050000,0.036155
4150000,0.036156
2750000,0.036193
4125000,0.036213
4025000,0.036242
4150000,0.036314
3950000,0.036367
3825000,0.036420
4075000,0.036426
4175000,0.036440
3900000,0.036460
4175000,0.036472
4175000,0.036498
3975000,0.036526
4200000,0.036538
4200000,0.036596
4225000,0.036633
1725000,0.036644
4200000,0.036655
4225000,0.036812
3050000,0.036825
4250000,0.036908
4225000,0.036919
4225000,0.036935
4125000,0.036942
4225000,0.036977
4200000,0.037005
4075000,0.037019
4225000,0.037028
4250000,0.037048
4275000,0.037068
1550000,0.037121
3350000,0.037122
3850000,0.037136
4200000,0.037159
3925000,0.037173
4200000,0.037179
4125000,0.037270
1650000,0.037300
4300000,0.037352
3650000,0.037373
4250000,0.037408
4300000,0.037476
4325000,0.037493
2075000,0.037519
4325000,0.037521
4325000,0.037530
4075000,0.037644
4275000,0.037697
4275000,0.037703
4325000,0.037706
4350000,0.037721
3225000,0.037800
1725000,0.037802
4350000,0.037845
2525000,0.037881
4350000,0.037918
4350000,0.037973
3025000,0.037979
4350000,0.037980
4350000,0.038004
4325000,0.038012
4350000,0.038020
4150000,0.038033
2825000,0.038091
4350000,0.038105
4350000,0.038120
4375000,0.038122
4400000,0.038185
4375000,0.038189
4325000,0.038250
4300000,0.038274
4200000,0.038285
4325000,0.038306
2600000,0.038344
4425000,0.038377
4200000,0.038423
4425000,0.038510
4400000,0.038519
4425000,0.038525
4125000,0.038526
4425000,0.038536
2000000,0.038544
4050000,0.038556
4450000,0.038623
4400000,0.038664
2500000,0.038679
4425000,0.038741
1125000,0.038742
4450000,0.038778
1700000,0.038900
4450000,0.038923
4475000,0.038997
4500000,0.039004
3850000,0.039014
3550000,0.039029
4425000,0.039059
4375000,0.039076
3925000,0.039096
4450000,0.039132
4375000,0.039149
4525000,0.039152
4500000,0.039168
4175000,0.039179
4500000,0.039213
4025000,0.039286
4350000,0.039376
4300000,0.039420
4550000,0.039502
4575000,0.039528
4025000,0.039535
1600000,0.039545
1700000,0.039557
1825000,0.039565
4525000,0.039625
2850000,0.039646
4550000,0.039650
4575000,0.039695
4425000,0.039796
4525000,0.039845
4300000,0.039859
4600000,0.039920
1575000,0.039941
4600000,0.040015
2650000,0.040037
4500000,0.040048
4500000,0.040060
2350000,0.040146
1300000,0.040157
4575000,0.040171
4550000,0.040239
4625000,0.040275
4675000,0.040316
4675000,0.040332
4625000,0.040347
4650000,0.040406
2650000,0.040411
4650000,0.040421
4550000,0.040452
4675000,0.040473
4650000,0.040545
4700000,0.040564
4625000,0.040599
4675000,0.040610
4625000,0.040626
4700000,0.040628
4550000,0.040647
4625000,0.040648
4675000,0.040703
4675000,0.040709
4650000,0.040711
3125000,0.040713
4600000,0.040830
2600000,0.040926
4650000,0.041084
4375000,0.041103
4725000,0.041221
3725000,0.041230
4675000,0.041312
4700000,0.041323
4500000,0.041326
4750000,0.041361
4725000,0.041376
4775000,0.041418
4800000,0.041539
4775000,0.041680
4375000,0.041772
4800000,0.041806
2175000,0.041830
2900000,0.041846
4825000,0.041877
3750000,0.041949
4825000,0.041956
4825000,0.041979
2075000,0.042007
4800000,0.042024
4725000,0.042028
1875000,0.042043
4875000,0.042053
4850000,0.042055
4850000,0.042062
2900000,0.042070
4850000,0.042078
4675000,0.042149
4850000,0.042171
4800000,0.042175
4700000,0.042254
4850000,0.042275
4800000,0.042301
4800000,0.042315
4875000,0.042316
4000000,0.042561
4875000,0.042572
4900000,0.042586
4875000,0.042595
4875000,0.042642
4925000,0.042654
4775000,0.042707
4950000,0.042725
4950000,0.042735
4575000,0.042786
4950000,0.042830
4950000,0.042872
4950000,0.042879
3425000,0.042919
4600000,0.042924
4925000,0.042957
4925000,0.042977
4900000,0.043008
4950000,0.043022
4775000,0.043064
2075000,0.043086
4975000,0.043224
4300000,0.043237
4950000,0.043244
5000000,0.043245
2525000,0.043280
4375000,0.043288
5000000,0.043323
3775000,0.043326
5000000,0.043367
5000000,0.043503
2450000,0.043555
5000000,0.043580
975000,0.043599
4925000,0.043605
4925000,0.043615
3600000,0.043631
3075000,0.043663
850000,0.043729
1075000,0.043761
1425000,0.043796
4825000,0.043910
4700000,0.043942
4975000,0.044047
2500000,0.044103
4900000,0.044122
4325000,0.044123
3625000,0.044224
4975000,0.044760
4925000,0.044777
2600000,0.044801
4350000,0.045088
5000000,0.045361
1600000,0.045551
4950000,0.046038
4725000,0.046086
4075000,0.046256
4550000,0.046270
3675000,0.046517
4750000,0.046785
1225000,0.047001
3600000,0.047063
2300000,0.047209
1175000,0.047399
3150000,0.047451
1900000,0.047509
1600000,0.047568
2425000,0.047745
1350000,0.047992
3000000,0.048168
3200000,0.048279
2700000,0.049660
2625000,0.049734
1600000,0.049760
850000,0.049790
3650000,0.049901
3575000,0.049965
2075000,0.049973
2300000,0.049975
1650000,0.050175
4225000,0.050176
3450000,0.050249
3275000,0.050469
2675000,0.050620
3200000,0.050751
1900000,0.050828
2075000,0.050943
4125000,0.051166
2775000,0.051240
2900000,0.051277
2250000,0.051299
3250000,0.051413
2175000,0.051638
3450000,0.052028
3600000,0.052120
4725000,0.052128
3900000,0.052129
2250000,0.052165
3375000,0.052176
2450000,0.052209
2925000,0.052508
4475000,0.052565
4700000,0.052581
4450000,0.052861
1750000,0.052969
2575000,0.053002
2250000,0.053111
2825000,0.053237
3225000,0.053251
4200000,0.053605
3400000,0.053955
3800000,0.054165
1900000,0.054200
2550000,0.054309
3300000,0.054464
2575000,0.054663
3950000,0.054748
4625000,0.054826
2175000,0.055482
2150000,0.055581
1450000,0.055877
1450000,0.055879
3875000,0.055940
2225000,0.056252
2400000,0.056312
1600000,0.056460
2975000,0.056558
1775000,0.056634
3325000,0.057072
2850000,0.057187
1400000,0.057583
3550000,0.057748
3600000,0.057793
3625000,0.057832
4175000,0.057933
4775000,0.058418
2400000,0.058738
3825000,0.058965
1375000,0.058978
1650000,0.059143
1600000,0.059148
2675000,0.059185
3050000,0.059187
4750000,0.059415
2075000,0.059421
3800000,0.059438
3500000,0.059529
3750000,0.059572
3300000,0.059686
3550000,0.059687
4000000,0.059691
3900000,0.059744
2025000,0.059902
2100000,0.060171
3800000,0.060211
1850000,0.060430
1875000,0.060665
3800000,0.060779
3150000,0.061070
1050000,0.061334
2725000,0.061459
2800000,0.061545
3475000,0.061563
4500000,0.061676
2025000,0.061974
2100000,0.062068
2675000,0.062410
5000000,0.062468
3775000,0.062874
2775000,0.063097
4325000,0.063218
2350000,0.063634
2250000,0.063641
2025000,0.063663
3850000,0.063665
4125000,0.063816
2450000,0.063837
4675000,0.063903
2250000,0.063909
4325000,0.064142
4050000,0.064918
3175000,0.064957
3975000,0.065733
4375000,0.065742
3575000,0.065971
1950000,0.066025
3550000,0.066492
3075000,0.066560
4700000,0.066573
3550000,0.066619
4150000,0.066639
1800000,0.066773
2450000,0.066868
3575000,0.066980
4900000,0.067137
3650000,0.067403
4250000,0.067540
3225000,0.067554
3025000,0.067561
2200000,0.067562
4325000,0.067584
4250000,0.067654
3575000,0.067770
2575000,0.067905
3925000,0.068114
3025000,0.068481
4425000,0.068578
4550000,0.068878
3975000,0.069197
2125000,0.069514
4550000,0.069618
4675000,0.069731
4100000,0.069938
3175000,0.069994
3875000,0.070269
4225000,0.070287
3550000,0.070919
3200000,0.070937
2750000,0.071166
2650000,0.071196
2325000,0.071205
4075000,0.071424
4850000,0.071429
3225000,0.071527
3500000,0.071586
1575000,0.071620
4600000,0.071642
4225000,0.071767
4650000,0.071875
1675000,0.071938
3550000,0.071977
4950000,0.072080
4500000,0.072343
4675000,0.072624
2625000,0.072808
3275000,0.072984
3625000,0.073291
3050000,0.073597
4025000,0.073976
3875000,0.074373
1975000,0.074849
3150000,0.074952
3175000,0.075126
3100000,0.075446
2025000,0.075504
3050000,0.075524
3875000,0.075652
1400000,0.075739
4650000,0.075747
2125000,0.075881
2775000,0.075896
4800000,0.075906
3700000,0.075921
3450000,0.076018
1250000,0.076071
2950000,0.076118
2775000,0.076145
3600000,0.076285
4725000,0.076340
4550000,0.076344
2425000,0.076498
4925000,0.077241
4650000,0.077465
2825000,0.077767
2600000,0.077813
4875000,0.077950
1775000,0.078640
4925000,0.078751
2475000,0.079049
3450000,0.079255
4325000,0.079277
2325000,0.079315
2625000,0.079329
4650000,0.079455
3350000,0.079552
2075000,0.079641
3900000,0.079643
2150000,0.079931
2350000,0.080619
3825000,0.080914
4350000,0.080979
4575000,0.081444
4100000,0.081484
2800000,0.081578
3025000,0.081751
4825000,0.081899
2950000,0.082439
2575000,0.082769
4275000,0.082872
3900000,0.083124
3125000,0.083232
4875000,0.083476
3375000,0.083485
4375000,0.083501
4900000,0.083578
2700000,0.083594
2450000,0.083595
2575000,0.083705
3750000,0.083887
4150000,0.084127
3650000,0.084197
3475000,0.084456
2600000,0.084980
4375000,0.086374
3300000,0.086628
3175000,0.087355
4250000,0.087528
4600000,0.087648
4400000,0.087888
4000000,0.087895
4575000,0.087994
3800000,0.088269
3225000,0.089105
3975000,0.089851
4175000,0.090098
3600000,0.090505
2525000,0.091028
4750000,0.091528
4175000,0.091584
3975000,0.091893
4850000,0.092368
4675000,0.092468
3025000,0.093488
3675000,0.093723
3875000,0.093758
3075000,0.094813
4425000,0.094926
4500000,0.095111
4875000,0.095130
4750000,0.095321
4650000,0.095563
3125000,0.095799
3900000,0.095841
2050000,0.095922
4450000,0.096294
3125000,0.097247
4900000,0.098529
3475000,0.098744
4250000,0.098968
4400000,0.099095
3725000,0.099177
4850000,0.099472
4975000,0.099521
3425000,0.099534
3875000,0.099680
3100000,0.099741
3000000,0.099957
3925000,0.100464
3000000,0.100876
3150000,0.101158
3475000,0.101424
4900000,0.101477
4700000,0.102385
3900000,0.102776
4675000,0.103490
4750000,0.104096
4200000,0.104286
3725000,0.104405
3775000,0.104584
3625000,0.105009
4725000,0.106234
3800000,0.107726
4925000,0.108198
3575000,0.108679
3400000,0.108857
3850000,0.110415
3000000,0.110438
2700000,0.110512
4550000,0.110541
3625000,0.111566
4075000,0.111619
4550000,0.111625
5000000,0.111651
4850000,0.112711
4025000,0.113598
3325000,0.113700
4825000,0.113829
4650000,0.114197
2600000,0.114731
3300000,0.115088
4225000,0.115456
3750000,0.115692
4600000,0.115810
2400000,0.115873
4175000,0.117641
3925000,0.117764
3200000,0.118840
3425000,0.119400
3600000,0.119519
3525000,0.119537
4575000,0.119565
2925000,0.119920
3925000,0.120006
4725000,0.120511
4550000,0.120750
3500000,0.120911
4000000,0.121553
4875000,0.121784
3025000,0.122078
4250000,0.124095
3550000,0.124179
4500000,0.125628
4000000,0.126826
4725000,0.127408
4900000,0.128274
4275000,0.128487
3900000,0.129645
4725000,0.130760
4775000,0.131212
3150000,0.131404
4725000,0.131849
3900000,0.131941
4375000,0.133759
3500000,0.134078
4425000,0.135497
4575000,0.135718
2925000,0.136069
4900000,0.136902
4975000,0.136922
4800000,0.137226
3750000,0.137945
4050000,0.139230
4800000,0.139341
4675000,0.141930
4950000,0.142488
4975000,0.142528
3725000,0.143045
5000000,0.143917
3300000,0.143949
4975000,0.144013
3750000,0.144078
3675000,0.144238
4675000,0.144256
4925000,0.147098
3350000,0.147410
4825000,0.147937
3575000,0.148995
2975000,0.150153
4850000,0.151748
4975000,0.151786
4950000,0.152586
4150000,0.157679
4800000,0.159554
4100000,0.160542
4625000,0.161107
3850000,0.163826
4900000,0.167898
3525000,0.171705
4025000,0.174128
5000000,0.174584
3725000,0.183719
3400000,0.186355
4475000,0.191306
3875000,0.195394
4500000,0.195747
4950000,0.200295
3000000,0.208654
4500000,0.209205
2500000,0.212091
4025000,0.215110
4425000,0.219263
1450000,0.221609
3775000,0.227820
4150000,0.242193
4725000,0.249229
4875000,0.261701
4975000,0.264267
4900000,0.270908
4675000,0.275672
3375000,0.299709
4875000,0.354850
