13,9.9e-05
25,0.000106
128,0.000112
8,0.000115
51,0.000123
10,0.000139
16,0.0001595
4,0.000165
6,0.000169
3,0.00017099999999999998
32,0.000172
81,0.000172
20,0.000181
102,0.000183
64,0.00018899999999999999
5,0.000195
2,0.0002
40,0.000203
203,0.00022
1,0.000239
161,0.000239
406,0.000287
323,0.00029350000000000003
256,0.000299
512,0.00029949999999999996
813,0.000301
1290,0.000318
2048,0.000318
645,0.000321
1024,0.000326
2580,0.000327
3251,0.0003325
1625,0.000334
4096,0.0003385
5161,0.000373
6502,0.000387
8192,0.00041
13004,0.000468
10321,0.00047400000000000003
16384,0.000571
20643,0.00058
32768,0.000791
26008,0.000793
41285,0.0009625
52016,0.001096
65536,0.001276
104032,0.001534
82570,0.0015475
131072,0.0018605
165140,0.002254
208064,0.002595
262144,0.0030385
330281,0.0035885
416128,0.004466
524288,0.0052735
660561,0.0064745
832255,0.00786
1048576,0.009801
1321123,0.012038
1664511,0.0151845
2097152,0.018956
2642246,0.023453
