4096,0.000232,0.0008990,0.016034,0.002119,0.001970,0.002157,0.002002
131072,0.000692,0.0062010,0.036180,0.034970,0.036411,0.264017,0.054176
65536,0.000328,0.0049195,0.020627,0.022813,0.241349,0.022682,0.228612
32768,0.000326,0.0022660,0.008864,0.009365,0.008774,0.008811,0.010473
16384,0.000000,0.0021015,0.005213,0.213367,0.004817,0.004448,0.004886
262144,0.002426,0.0103620,0.058894,0.252987,0.324491,0.134520,0.057645
524288,0.000000,0.0200492,0.099846,0.479184,0.094851,0.264882,0.473559
1048576,0.015163,0.0370735,0.421448,0.298654,0.337979,0.390947,0.299609
2097152,0.024040,0.0751457,0.393707,0.354763,0.483274,0.853325,0.504096
8192,0.000000,0.0009145,0.002834,0.018839,0.002990,0.002642,0.002688
4096,0.000000,0.0008295,0.001922,0.002022,0.001724,0.001971,0.002215
131072,0.001964,0.0059318,0.230339,0.049470,0.029459,0.032660,0.031385
65536,0.000652,0.0033646,0.017603,0.019399,0.017323,0.018428,0.223244
32768,0.000709,0.0022860,0.007317,0.007199,0.007072,0.006742,0.008513
16384,0.000804,0.0020245,0.005119,0.005368,0.004949,0.017054,0.005500
262144,0.002328,0.0114241,0.449007,0.083060,0.298127,0.078041,0.509590
524288,0.009976,0.0256569,0.277847,0.152950,0.289703,0.154973,0.217804
1048576,0.013568,0.0363646,0.881992,0.557754,2.323434,0.779513,0.439294
2097152,0.026699,0.0860028,0.708178,1.574815,1.631041,4.155108,1.932199
8192,0.000256,0.0009240,0.002704,0.002980,0.002909,0.016012,0.002263
4096,0.000000,0.0008275,0.001801,0.001893,0.002012,0.002393,0.001757
131072,0.001890,0.0056419,0.036371,0.043509,0.248198,0.048104,0.048599
65536,0.002204,0.0035580,0.227860,0.027365,0.023794,0.046200,0.025890
32768,0.000000,0.0028755,0.008476,0.007220,0.008408,0.007624,0.009192
16384,0.000576,0.0021965,0.004617,0.004899,0.006256,0.005355,0.004601
262144,0.000686,0.0109087,0.063794,0.116356,0.076354,0.082025,0.074165
524288,0.006174,0.0199441,0.303756,0.318480,0.274616,0.123093,0.120958
1048576,0.000000,0.0371454,0.940883,0.596153,0.574364,1.512086,1.845943
2097152,0.029008,0.0828919,3.067674,0.831770,1.349551,0.834688,1.157729
8192,0.000328,0.0008950,0.002826,0.225554,0.002805,0.002529,0.002586
